7003
1061
7100
715
905
7033
717
713
510
604
547
1059
511
7136
929
678
7642
7135
909
521
970
509
601
1752
526
505
578
1774
984
972
518
608
985
6210
1032
504
952
921
711
999
937
7139
1025
7198
6671
1773
950
522
6608
716
525
939
607
7939
1044
6211
606
520
6020
1754
501
7561
523
6217
7066
932
6607
925
7321
605
7621
990
507
7563
7137
931
616
508
6962
6755
7938
514
904
657
1756
582
1753
656
992
1750
617
6240
7142
6241
1012
603
662
502
503
7063
1033
539
7013
602
1055
998
531
756
912
1003
1762
644
991
576
7799
7326
533
6672
682
610
579
6256
971
7511
914
1011
935
6021
1036
1000
948
568
1019
7201
6803
7054
997
6423
6469
1048
7005
7053
993
519
710
532
969
683
938
6252
7031
4005
7448
7001
536
757
1092
949
996
7317
944
553
587
7097
2114
6023
6253
2353
545
2365
7319
7347
2607
1050
6225
1038
2115
6260
6254
7210
530
7182
6961
6259
714
7030
1035
753
7197
5122
6226
7134
994
6257
512
709
2423
707
6635
1163
2890
7213
517
747
5127
1022
748
2702
1002
7069
7121
6719
1544
2554
911
645
1746
6032
918
6244
1001
6905
537
2285
6471
2424
6224
4218
4115
7315
5172
1037
2322
4106
4269
2364
4133
4252
2625
2626
1021
1261
513
2580
4035
2354
4140
4119
2001
2419
5128
2524
1258
4508
4337
2130
2440
4279
4411
2977
2421
7065
4004
4094
1256
2479
7776
4079
6213
9052
2978
4412
2576
7099
1027
5170
2124
2651
4416
1223
2202
2650
1433
1269
719
995
1363
2236
4107
4141
1096
2654
7110
2116
2789
968
546
975
2486
506
4058
4105
1377
7120
7096
4077
7123
907
1191
4064
2266
2655
2162
1284
615
2883
1630
4099
2138
2678
4129
661
7032
5104
4097
1182
1009
2703
1387
2254
2255
2992
1472
962
2000
1208
2854
1484
732
6096
4127
1034
5388
724
4086
1565
1618
2537
4253
955
2887
2252
7043
722
1263
2728
4002
2256
7312
2404
1366
1622
4089
4117
2111
2129
4102
9001
6752
2790
637
1421
4381
2387
2608
4205
1234
4029
1004
2976
1186
4327
1264
2201
5374
4505
4051
947
4369
2367
958
4013
5066
1117
7453
4031
7101
4025
1468
1228
9017
1615
4112
1371
4588
1097
706
7138
619
1741
1010
4044
1285
4049
6041
4440
908
7205
1185
2331
4158
4442
1631
1825
4001
4060
4065
2910
4120
1237
4038
4124
9010
4322
4413
9005
2527
1259
1477
4136
4593
910
1820
9027
5113
2884
5072
727
7445
2873
4166
1659
6561
4557
2864
4092
4191
4206
2336
1614
2287
919
4378
1232
2229
4160
4071
4234
6249
4085
4082
4545
4268
1255
749
2886
2289
2267
2949
4100
5808
7214
1270
5738
9014
4387
4468
4187
1268
1559
1602
4007
4022
2744
4698
2506
2269
7447
4030
4045
1141
7111
4138
4063
2286
1636
4595
5014
4003
2532
7325
4429
4040
4033
744
2426
2282
1375
4072
2291
2288
2680
4118
5208
2209
7166
4341
1370
1718
1478
4122
4435
4199
9024
4066
4111
4098
1443
5171
943
956
4334
6245
5107
967
2389
2156
1415
2652
2122
1980
1646
4275
1408
4506
4421
635
4453
1128
1257
612
1505
2619
4016
2508
4006
4159
1720
1304
4043
4464
1013
4366
640
5030
4431
4055
2746
7152
1164
1260
2891
4088
2620
2515
2475
1384
2995
5085
4409
2248
2278
5119
4203
1558
1181
6223
1647
9101
957
4313
2366
9018
4255
9025
4074
2294
2225
1242
9049
6986
1965
1247
4380
660
7446
1822
4280
4017
4084
4426
2990
4596
750
1839
4433
2108
1235
1657
2991
1814
4262
4402
4047
4081
2005
4009
4583
5399
2347
4114
5035
946
1124
4512
2980
4340
7936
4393
4594
4432
4415
4304
2627
5302
4008
4101
4293
4010
4377
4684
4325
4172
4422
2292
2213
5116
4267
1136
5420
4091
2264
9007
2299
7933
9062
4190
4582
4185
9016
4427
4198
4241
4354
9030
1620
2297
2207
4420
983
4177
4023
5058
4320
4231
4054
4073
4417
622
623
2022
1724
1170
2214
4113
906
1695
7442
4169
4012
4349
4174
630
4087
1024
916
2656
5003
4034
4438
2161
4458
4277
4019
4918
2922
4288
4321
6982
4238
1498
2257
1168
6751
2988
6128
1649
926
9037
4021
4104
1220
1680
4028
4056
4229
2574
2277
1802
4311
634
7934
4608
4076
4424
4208
2586
4344
4265
1358
1311
1972
901
2587
2477
4014
1361
4396
2575
4264
4518
4139
2484
4699
6981
1108
4476
6509
4296
4243
2218
4658
4230
4237
4182
4212
1973
4343
4290
2577
4246
641
2963
4428
2471
6921
4925
4078
4916
1919
4373
2899
1138
2476
4910
1989
2745
4062
5788
2472
632
4184
4913
4176
2160
4171
2866
4235
4037
9026
1926
4392
1935
1405
4922
5592
5111
1654
4443
2989
1202
2485
6965
4577
4209
4303
4283
4521
1157
1821
988
1290
4599
1132
4204
9059
7565
7932
4401
4686
4195
6985
4570
4689
4923
6974
1039
4474
2569
4919
7026
4336
2507
4437
731
2483
4272
9041
1020
981
4278
4572
1265
4165
4423
4011
1137
4685
1140
4090
4323
1249
9088
4360
1052
5075
1120
4194
4110
2570
4394
6973
4414
4249
4251
4245
1669
5497
4513
4346
4448
1604
4181
4219
4239
4362
1691
4395
4258
4188
4688
1067
1188
1473
4364
4338
4355
4375
1697
4447
1436
4436
920
4627
4465
1147
4350
1207
4589
1160
4254
942
1469
4384
4248
4397
2275
1702
1619
4244
4061
5038
2861
4638
1402
1939
1522
4157
4388
4309
1832
2859
4460
642
5658
9051
627
4695
4461
2928
4294
913
7071
4328
4385
2573
1066
4530
4459
4292
5367
1400
2016
1600
4347
743
2499
1934
7479
4214
2169
4163
1438
4633
4475
7935
4289
4921
1527
4250
2609
1205
751
4308
4370
625
5008
4579
4232
4609
4207
1224
4221
721
4477
1119
2306
2302
1248
4587
2341
1418
9087
2008
2491
7221
4353
4286
2964
4300
2228
1586
960
4915
2215
1696
2009
4473
4201
6510
4586
4657
4600
4597
4197
5059
2026
4156
4605
1068
4696
4598
4575
7048
1450
4333
4691
4180
4687
4467
987
4301
4655
4032
4692
5498
4291
4242
1262
1006
4261
5011
4581
1995
631
4924
4179
1519
4406
4693
5464
4568
705
2113
4310
2582
4522
1145
2349
4690
4517
1800
1671
4298
1211
6694
9090
4532
1502
712
9098
4531
4573
1587
4628
4639
4654
4626
4631
4661
1201
1293
940
4603
6959
1496
4519
4694
4306
4634
9091
4632
2312
2185
4656
2187
9102
1110
2303
4524
1098
4446
1114
1836
626
1056
4569
1693
4515
2325
5364
9100
9105
4567
2039
7230
2023
4398
5449
4607
2027
4640
4260
4670
9096
4601
7151
7437
4463
1057
7019
7170
9128
9092
1911
4635
4533
4629
4641
1102
9097
9108
9109
7937
1367
9113
1414
4669
614
1988
2346
726
1244
1660
6612
728
2186
4630
4642
4130
4644
1690
4534
4462
4648
1944
4645
720
4660
4643
4155
5767
9104
2926
