7003
1061
7100
715
905
7033
717
713
510
604
547
1059
511
929
678
7642
909
12065
521
970
509
601
1752
23016
526
505
578
12354
984
972
12016
518
608
985
1032
504
952
921
12020
12030
711
999
937
22687
1025
7198
950
522
6608
716
525
939
607
7939
1044
6211
606
520
6020
1754
7561
12045
523
6217
7066
932
6607
925
7321
605
11548
990
507
7563
931
616
508
6962
7938
514
12115
904
1756
582
1753
656
992
1750
12679
617
12043
1012
603
662
502
503
7063
1033
539
7013
602
11549
1055
998
531
756
912
1003
644
991
576
7799
7326
533
6672
682
610
579
6256
971
7511
12680
914
1011
935
6021
1036
1000
948
568
1019
7201
6803
12059
7054
12008
997
12069
6423
6469
1048
7005
7053
12103
993
12076
519
12550
710
532
969
683
938
6252
12246
7031
4005
7448
7001
536
757
949
996
7317
944
553
12058
587
7097
2114
6023
6253
2353
545
2365
7319
7347
2607
1050
1038
2115
6260
6254
7210
530
7182
12060
12063
6961
6259
714
7030
1035
753
7197
5122
11520
12082
994
15042
6257
512
709
2423
707
12077
1163
12048
2890
7213
517
747
12734
5127
1022
748
2702
1002
7069
7121
6719
12053
1544
2554
911
645
1746
6032
918
6244
1001
6905
537
2285
6471
2424
6224
4218
4115
7315
5172
1037
2322
4106
4269
12012
12044
12040
2364
4133
4252
2625
2626
1021
1261
513
12087
4035
2354
4140
4119
2001
2419
5128
2524
1258
4508
4337
2130
2440
4279
4411
12049
2421
7065
4004
4094
1256
4079
6213
4412
15036
7099
1027
2124
2651
4416
1223
2650
1433
1269
12011
719
995
1363
13414
2236
4107
4141
12738
1096
2654
7110
2116
2789
968
546
975
2486
506
4058
4105
1377
7120
7096
4077
7123
907
1191
4064
2266
2655
2162
1284
615
2883
1630
4099
2138
2678
4129
661
7032
5104
4097
1182
1009
2703
1387
2254
2255
12736
16040
1472
962
15037
2000
1208
2854
1484
732
6096
4127
1034
12013
724
4086
1565
1618
2537
4253
955
2887
12064
2252
15038
12072
7043
722
1263
2728
4002
2256
7312
2404
1366
12071
1622
4089
4117
2111
2129
4102
6752
637
1421
4381
2387
2608
4205
1234
4029
1004
1186
4327
1264
12055
2201
4505
4051
947
4369
2367
958
4013
5066
1117
12086
4031
18130
7101
4025
1468
1228
1615
4112
1371
21015
4588
1097
706
619
1741
12091
1010
4044
1285
4049
6041
4440
908
7205
2331
4158
4442
1631
1825
12050
4001
4060
12373
4065
4120
1237
4038
4124
4322
4413
2527
1259
1477
22534
4136
4593
910
1820
5113
2884
5072
727
7445
4166
1659
6561
4557
2864
4092
12018
4191
4206
2336
1614
2287
12096
919
12054
4378
1232
2229
4160
4071
4234
6249
4085
4082
4545
4268
1255
749
2886
2289
2267
4100
5808
7214
1270
4387
4468
4187
1268
1559
1602
4007
4022
2744
4698
2506
2269
7447
12070
4030
4045
1141
7111
4138
4063
2286
1636
4595
5014
4003
2532
7325
4429
4040
4033
2426
2282
1375
4072
2291
2288
2680
4118
2209
7166
4341
1370
1718
1478
4122
4435
4199
4066
4111
4098
1443
943
956
4334
6245
967
2389
1415
2652
2122
1980
1646
4275
1408
4506
4421
4453
1128
1257
12081
1505
13442
2619
4016
2508
4006
4159
1720
1304
4043
4464
1013
4366
12092
640
5030
4431
4055
2746
7152
1164
1260
2891
4088
2620
13127
2515
1384
12623
5085
4409
2248
5119
4203
19973
1558
1181
6223
1647
957
4313
2366
4255
4074
12573
2294
2225
1242
1965
4380
660
7446
19967
12068
1822
4280
4017
4084
4426
2990
4596
750
1839
4433
2108
1235
19974
12815
12735
2991
1814
4262
4402
4047
4081
2005
4009
4583
5399
2347
4114
5035
946
1124
19966
4512
4340
7936
4393
4594
4432
4415
4304
2627
4008
4101
4293
4010
4377
4684
4325
4172
4422
2213
5116
4267
1136
4091
2264
22985
13061
2299
7933
20391
19972
4190
4582
4185
4427
19969
4198
4241
4354
1620
2297
2207
4420
983
4177
4023
4320
4231
4054
4073
4417
622
623
1724
1170
18122
4113
906
1695
7442
4169
4012
4349
4174
630
4087
1024
916
2656
5003
4034
4438
2161
4458
20392
4277
4019
4288
4321
19961
4238
1498
2257
1168
6751
2988
1649
926
4021
4104
1220
1680
4028
4056
4229
2277
1802
4311
634
7934
4076
4424
4208
2586
4344
4265
1358
1311
1972
901
2587
4014
12004
1361
4396
4264
4518
4139
2484
4699
1108
4476
20393
6509
4296
4243
4658
4230
16039
4237
4182
4212
1973
4343
4290
4246
641
4428
6921
4078
1919
4373
2899
1138
1989
2745
4062
632
4184
4176
2160
4171
2866
4235
4037
1926
4392
1935
1405
5111
1654
4443
19970
2989
1202
2485
4577
4209
4303
4283
4521
1157
1821
988
1290
4599
1132
4204
7565
7932
4401
4686
4195
4570
4689
19968
1039
4474
7026
4336
2507
4437
731
2483
4272
1020
4278
4572
1265
4165
4423
4011
1137
4685
1140
4090
4323
15030
1249
4360
1052
1120
4194
4110
4394
4414
4249
4251
4245
4513
4346
4448
1604
4181
4219
4239
4362
1691
4395
4258
4188
4688
1067
1188
1473
4364
4338
4355
4375
1697
4447
1436
4436
920
4627
4465
1147
4350
1207
4589
1160
4254
942
1469
4384
4248
4397
2275
1702
20788
1619
4244
4061
2861
4638
1402
1939
1522
22083
4157
4388
4309
1832
2859
4460
642
627
4695
4461
4294
913
7071
4328
4385
1066
4530
4459
4292
5367
1400
1600
4347
743
1934
7479
4214
2169
4163
12425
4633
4475
7935
4289
1527
4250
2609
1205
751
4308
4370
625
5008
4579
4232
16041
4207
4221
721
4477
2306
2302
2341
23189
2491
7221
4353
4286
4300
1586
960
1696
4473
4201
6510
4586
4657
4600
4597
4197
2026
4156
4605
1068
4696
4598
4575
13455
7048
1450
4333
4691
4180
4687
4467
4301
4655
4032
4692
4291
4242
1262
1006
4261
5011
4581
1995
631
4179
1519
4406
4693
4568
705
4310
4522
1145
4690
4517
1800
15126
4298
1211
6694
4532
1502
712
4531
4573
1587
4628
4639
4654
4626
4631
4661
1201
940
4603
13158
4519
4694
4306
4634
4632
2312
4656
15156
1110
2303
4524
1098
4446
1114
22085
626
1056
4569
1693
4515
2325
4567
7230
12197
11563
4398
4607
2027
4640
4260
4670
4601
7151
7437
4463
1057
7019
4635
4533
4629
4641
1102
7937
1414
4669
12196
614
2346
726
19239
1660
19238
728
4630
4642
4644
1690
4534
4462
4648
1944
4645
720
4660
4643
4155
