7136
7135
12437
1774
6210
12575
12414
12424
12427
12429
7139
6671
1773
12114
12436
12118
12117
501
12431
12116
12033
12434
7621
7137
12432
6755
657
22679
12430
12433
12119
12121
12576
6240
7142
6241
1762
12120
14600
13200
14586
12561
1092
12411
6225
12321
20717
6226
7134
6635
12032
20718
12928
2580
12791
12293
2977
12292
2479
7776
18001
9052
2978
2576
12279
5170
2202
18004
12105
18848
22000
2992
5388
12580
22004
9001
2790
2976
5374
12718
15128
7453
9017
7138
1185
2910
9010
9005
9027
22005
2873
22008
2949
5738
9014
12846
22006
744
5208
9024
5171
5107
2156
635
612
2475
2995
2278
9101
9018
9025
20773
22002
9049
6986
1247
12717
1657
2980
5302
2292
5420
9007
9062
19824
9016
21007
9030
5058
2022
2214
16013
4918
2922
6982
6128
22001
9037
2574
4608
2477
2575
6981
2218
15066
2577
2963
15074
2471
4925
4916
2476
4910
5788
2472
4913
22009
9026
4922
5592
6965
9059
6985
18119
13440
4923
6974
20404
20405
2569
4919
9041
981
22011
12722
9088
5075
14540
2570
6973
1669
14539
5497
13086
22111
22007
21009
12723
5038
20290
18849
19549
16028
5658
9051
2928
2573
19776
2016
2499
1438
4921
4609
1224
12720
1119
1248
4587
1418
9087
2008
2964
2228
4915
2215
2009
22003
5059
19249
18813
987
5498
20239
4924
5464
2113
2582
2349
1671
9090
19713
9098
1293
13093
6959
1496
11564
9091
18149
2185
2187
9102
20101
20838
22707
22706
1836
19308
5364
9100
19952
9105
2039
20460
2023
19290
5449
22107
20955
9096
19210
22171
20077
7170
9128
9092
22702
22112
1911
20443
20069
9097
9108
9109
1367
9113
22133
15195
20590
1988
12419
1244
22704
6612
22703
2186
22847
4130
20844
19143
22705
19657
20071
22118
19146
19153
20843
19151
12719
19154
19683
5767
9104
2926
12724
14533
