501
502
503
504
505
506
512
513
515
516
517
519
522
525
526
528
535
536
537
545
546
547
554
567
576
577
579
580
581
587
601
602
604
607
608
610
611
616
643
645
656
657
678
709
712
713
714
715
716
717
719
720
721
722
723
726
728
729
730
734
735
736
737
740
741
742
744
745
746
747
748
902
905
909
910
911
912
919
925
929
934
964
965
969
971
972
984
985
987
988
989
990
991
992
993
998
999
1000
1001
1002
1003
1010
1011
1025
1052
1059
1061
1062
1065
1092
1093
1101
1104
1107
1108
1110
1113
1116
1117
1119
1120
1122
1123
1124
1126
1129
1130
1131
1133
1138
1139
1145
1146
1149
1151
1154
1155
1157
1158
1160
1163
1164
1165
1166
1168
1169
1172
1175
1181
1201
1204
1207
1208
1210
1211
1213
1216
1217
1219
1222
1223
1231
1235
1236
1237
1245
1247
1248
1249
1250
1251
1252
1253
1254
1255
1261
1262
1263
1265
1275
1276
1277
1278
1301
1302
1306
1307
1309
1351
1352
1354
1355
1357
1358
1360
1363
1364
1365
1366
1371
1401
1404
1405
1407
1408
1410
1415
1417
1421
1422
1451
1454
1457
1460
1463
1501
1502
1504
1505
1507
1510
1511
1513
1514
1516
1517
1519
1520
1522
1523
1528
1529
1531
1550
1551
1552
1559
1561
1564
1568
1569
1570
1571
1572
1601
1602
1604
1605
1607
1608
1610
1611
1617
1618
1619
1620
1622
1624
1625
1626
1701
1702
1704
1705
1707
1708
1710
1713
1714
1718
1720
1721
1723
1724
1725
1750
1751
1752
1753
1754
1755
1756
1757
1758
1759
1760
1761
1762
1763
1764
1765
1766
1767
1768
1769
1770
1771
1772
1801
1802
1803
1804
1805
1806
1807
1808
1809
1810
1811
1812
1813
1814
1822
1901
1902
1903
1904
1905
1906
1907
1908
1909
1911
1913
1914
1915
1916
1917
1950
1951
1952
1953
1954
1955
1956
1958
1960
1962
1963
1972
1974
1976
2101
2102
2103
2105
2106
2107
2108
2110
2113
2114
2116
2117
2123
2124
2139
2171
2201
2202
2203
2205
2206
2208
2210
2211
2212
2213
2214
2216
2217
2218
2220
2221
2222
2223
2224
2225
2226
2228
2229
2230
2231
2232
2234
2235
2239
2241
2242
2243
2245
2246
2247
2248
2256
2258
2264
2265
2266
2267
2268
2269
2270
2280
2281
2286
2292
2295
2296
2299
2301
2303
2304
2305
2306
2307
2308
2309
2310
2311
2312
2313
2314
2315
2316
2317
2321
2322
2323
2325
2326
2328
2330
2331
2332
2335
2338
2340
2341
2342
2353
2364
2367
2399
2401
2403
2404
2405
2406
2409
2411
2412
2416
2417
2418
2424
2425
2501
2503
2504
2505
2506
2507
2508
2512
2514
2518
2519
2528
2531
2553
2608
2609
2612
2613
2618
2621
2622
2624
2625
2626
2627
2628
2648
2649
2674
2701
2800
2801
2802
2803
2804
2805
2806
2807
2808
5007
5013
5016
5018
5022
5026
5029
5032
5033
5038
5040
5047
5054
5058
5059
5065
5067
5068
5071
5074
5075
5076
5084
5086
5092
5102
5104
5107
5108
5110
5112
5114
5121
5133
5135
5137
5138
5140
5146
5151
5152
5161
5170
5171
5173
5174
5175
5181
5184
5185
5187
5188
5191
5192
5193
5194
5195
5196
5197
5198
5200
5205
5211
5226
5227
5228
5229
5230
5231
5232
5233
5234
5235
5236
5237
5238
5239
5240
5241
5242
5243
5252
5253
5254
5255
5257
5258
5259
5271
5272
5273
5274
5275
5276
5284
5286
5288
5289
5291
5292
5293
5294
5296
5297
5298
5303
5304
5312
5315
5317
5319
5320
5323
5324
5325
5336
5337
5338
5339
5340
5341
5342
5343
5344
5345
5346
5349
5352
5354
5355
5359
5360
5361
5365
5373
5374
5379
5380
5382
5383
5384
5388
5390
5393
5397
5399
5411
5800
5801
5802
6004
6080
6081
6094
6095
6096
6097
6098
6099
6100
6104
6105
6106
6107
6108
6109
6110
6111
6112
6113
6114
6115
6120
6123
6144
6145
6146
6147
6186
6248
6250
6251
6252
6253
6254
6255
6256
6257
6258
6259
6260
6261
6262
6297
6304
6360
6361
6362
6363
6380
6493
6512
6513
6514
6515
6607
6608
6755
7026
7033
7106
7135
7136
7137
7138
7139
7140
7141
7143
7154
7170
7289
7290
7291
7292
7293
7294
7295
7296
7297
7452
7453
7454
7455
7456
7457
7472
7473
7474
7475
7476
7482
7521
7522
7523
7524
7642
7663
7664
7665
7824
7931
7932
7933
7934
7935
7936
7937
7938
7939
7940
10013
10014
11513
11515
11516
11519
11520
11522
11523
11524
11525
11526
11557
11558
11602
11616
11621
11622
11623
11624
12008
12009
12010
12011
12012
12013
12014
12016
12028
12103
12106
12107
12108
12118
12119
12120
12121
12125
12126
12127
12194
12262
12290
12291
12341
12376
12377
12392
12393
12394
12422
12423
12425
12426
12574
12676
12679
12680
12734
12735
12736
12737
12738
12786
12849
13000
13003
13101
13102
13103
13105
13106
13120
13122
13150
13151
13152
13153
13154
13155
13156
13157
13159
13161
13162
13163
13165
13168
13189
13192
13193
13194
13195
13197
13198
13200
13201
13202
13203
13204
13205
13206
13207
13210
13211
13212
13213
13214
13215
13216
13217
13218
13219
13220
13221
13222
13228
13229
13230
13231
13232
13250
13251
13252
13253
13254
13255
13256
13257
13258
13259
13294
14512
14513
14514
15053
18000
18001
18002
18003
18004
22658
22659
22687
23016
23280
23288
25187
25231
25232
25233
25377
28200
28201
31144
100003
100004
1000227
1000291
1000292
1000293
1000294
1000295
1000321
1000552
1000889
