5767
1600
1414
1741
4214
2650
2026
4099
1669
641
4006
1110
749
2129
2051
4049
1800
4206
2000
4025
4521
4421
4440
4432
1387
4589
2626
2988
4022
2928
2569
4002
6921
2256
4086
1264
4166
4004
4118
4423
1285
4043
4919
4007
2285
4406
4644
2607
2471
4029
4237
5738
1185
1654
1377
4424
4642
4340
4089
4388
4412
4463
4038
9017
1862
4065
4045
2346
4197
1671
1972
2287
2187
4634
4378
4691
4136
2267
968
1646
4670
662
4422
7151
7065
4139
4296
4003
4438
4030
2113
4632
5658
4010
4001
4447
6922
2507
4925
4195
4320
1657
1565
1696
1544
906
721
1438
4100
5104
4354
4252
2746
5172
4254
4071
4290
753
4019
4384
4008
2655
4207
2789
4124
1935
4690
4646
5127
2989
5788
4398
2278
4081
4603
2282
4420
1311
2475
4910
2574
1468
1164
1191
4692
4127
4395
5498
1690
4442
1421
4179
6924
1140
5420
4654
4433
4122
4349
1157
2353
1620
4601
2620
5467
2524
4063
4249
1995
4334
1237
1867
1182
4627
4638
1284
1847
4669
1258
4396
1263
2573
4462
9119
2554
4628
4435
2269
1839
1472
4102
5364
623
1031
4635
2057
1693
4387
4101
4512
4243
2419
4545
4397
627
4073
4341
4016
2651
1124
539
612
520
6245
2286
9087
4277
4597
4138
2354
4687
4176
4327
4530
9014
2349
2005
1558
981
4300
1820
6469
1044
9117
5170
4239
9128
9016
1505
4322
9052
2048
4325
4575
4415
1260
622
1615
1919
4009
9111
9137
5171
9088
1660
4375
2122
2627
1415
1989
4230
4328
4304
9049
4458
2186
2111
4519
4159
2347
1478
4011
4111
4177
9030
4306
2424
1825
2609
4021
9037
2527
6742
9101
4303
1496
4250
4474
4572
4645
4344
4360
5014
4373
2108
1232
4085
2291
4012
1647
1247
640
2322
4033
4017
7026
2608
1006
9105
9025
9027
9018
4587
1375
4219
4522
4251
2728
1473
4626
2484
6636
2185
4446
6741
4915
4586
6974
4380
4023
4163
4199
4114
5128
4106
9010
4130
2485
1257
4182
1259
1102
1965
1934
632
975
4556
1619
9096
1408
4028
9100
1988
4570
4321
2001
2138
4605
5030
9102
4098
2654
4188
4693
1436
2652
750
4275
4014
4921
4062
4918
4232
2537
5944
2389
2289
4640
1502
1702
5003
4104
2116
4298
2288
731
6096
9187
9024
2115
1363
7019
1207
4212
4129
4353
1138
660
4532
4268
4264
4698
4459
4248
4265
4518
2160
2702
4343
5367
1366
4034
1234
4311
4916
1980
4437
2656
4364
4267
4283
1168
1147
5113
631
4032
2366
9122
2678
9109
9091
2586
5038
2587
6951
4655
1559
2790
2023
2266
6791
4072
1201
2625
4208
4629
2255
4347
4448
7230
4377
4355
9005
4262
1477
4346
4061
4246
4156
4204
9007
4370
1220
4567
626
4293
2404
1602
1973
1117
5119
4660
5593
2302
2299
2214
4923
1268
1405
2055
4534
5374
9192
4385
9090
2009
4323
4569
4414
1333
1587
2421
4245
4076
4461
1265
4294
4402
4401
7479
2124
6639
4641
4607
4460
6744
4055
2161
2680
6981
4517
6743
1371
1255
4113
4443
4180
4244
2016
2619
4157
1290
4694
4924
1614
4310
4258
2264
4185
4078
4288
1821
5008
1269
2306
2499
1418
5399
642
2252
1358
1304
1119
2325
7170
2207
9115
9169
4650
4648
9097
9113
5449
9041
6047
1832
4308
1205
4656
2056
1866
6985
4255
1132
1586
2213
2027
2228
4475
5107
9059
4235
4477
4187
4362
4465
6982
1720
4221
4087
4436
4600
4333
1484
4190
1224
5066
6637
1519
4573
4531
4090
4201
4350
4630
4234
4568
9104
1244
2483
4533
4515
2515
4639
661
4155
1249
1163
1248
4165
4184
4476
5122
2248
2508
2257
2745
5035
5011
2201
2277
630
743
1402
1052
9142
9114
9026
9141
6599
6603
9094
9108
9140
9120
9131
2582
5111
1141
2008
9092
5059
2169
5075
9098
2049
2532
9129
2926
5058
1384
1235
4338
1293
6986
4286
6948
1108
1469
6949
1944
5808
4242
2364
1367
2012
4301
4473
2215
1527
4291
4181
4194
1128
4292
1145
1170
2292
4261
4110
1724
6524
4309
5072
4280
4272
4581
1926
4209
4278
4313
751
6973
7048
1211
5085
1361
1522
4289
2294
2275
9051
1270
1262
5116
987
5302
988
4260
4417
6965
1120
1649
2209
2229
2225
2236
1911
2303
2297
4231
1802
2336
1630
2491
2506
614
2331
2312
1604
2218
625
7214
2426
6561
1114
7121
679
7198
941
6942
7152
956
536
639
1996
953
2025
2865
628
4183
1692
2153
1745
915
2104
7564
1900
1230
4584
6212
2747
723
961
529
7798
4418
9095
4015
930
1694
6980
4314
4257
2853
4053
5126
4281
1266
934
2862
1015
4069
2146
4126
611
2123
2408
4653
6707
7107
2677
2147
1291
2892
2134
4161
1422
1918
989
1466
4912
1557
1470
4215
1133
4909
6638
7027
2860
4027
2701
1733
7195
4348
1094
2168
4637
9099
7507
7098
1231
5040
2996
1104
2907
7229
2407
1041
692
4391
2211
1716
9069
1624
2621
1008
6644
663
4317
1560
4389
6740
4048
982
9021
4070
9015
963
6979
2295
4210
4439
2351
4228
1865
1990
9093
1933
1723
1420
1731
9011
1099
9004
5124
4285
6513
708
951
613
6790
4259
2917
4405
9019
4606
2357
629
9055
6976
2270
1501
2345
2148
2320
2268
4510
4636
725
1287
4095
2125
4233
4379
5045
1564
5547
5118
6512
4052
4020
2102
1984
9785
2402
4469
7115
621
6641
1148
1572
4523
620
2544
1732
1307
1974
9118
2417
1925
2553
6970
4368
2729
2109
7512
4109
2337
2406
1555
6645
1005
659
4410
2743
1552
1553
1216
4217
1910
2509
4390
2618
936
9023
5006
4571
2310
1413
9054
4202
1368
2418
6984
1175
4400
2562
2519
9089
6792
4226
6640
2715
7036
4036
1471
1554
1222
2920
6983
1922
1026
7041
4103
2679
1166
2250
2338
2469
2316
1551
2245
4911
6247
1131
1730
1225
4096
1920
1480
2604
1930
4050
4358
1705
2522
643
5016
1476
4173
2355
9009
4170
4472
980
4164
1492
1616
1233
1906
2221
9008
2235
4449
4326
2605
1970
1254
7478
2004
2726
2106
9003
5286
9012
9045
703
7021
4371
4514
1561
4319
1529
4152
2648
2615
2520
4908
2601
1967
2416
4445
4434
2343
1968
4466
2013
2239
2263
2319
2921
9139
2280
5141
5002
4041
4057
978
2502
534
1485
2616
1360
1236
1526
2308
1714
2911
7480
4154
2610
636
2224
2271
4315
1726
1818
4083
6745
4920
2602
4068
9138
2504
746
4222
4026
9002
2542
1253
2617
4067
1830
1556
1369
7277
2420
2296
2624
4471
9123
1376
6523
1976
5025
2658
730
1169
1584
7192
2101
1969
1196
4335
2326
2262
1365
1352
5017
4150
5010
6596
2276
4039
2333
4196
5125
9043
1460
1613
1306
1523
1608
9046
1250
1302
1226
2470
7012
2399
2918
4452
1908
2301
2241
1410
1643
9056
4316
4663
6947
4332
5447
1295
1152
2284
2339
4193
4178
1481
1541
1251
9148
2304
4227
4356
4666
4297
1538
7931
9112
2247
9107
2318
9042
9050
1180
1516
2243
5083
1139
4917
9006
5053
4345
2258
1517
1950
1165
1569
4225
1625
594
5307
4273
4080
4299
1562
1305
2290
4108
2589
6146
1125
1451
2649
9013
2311
2614
5114
4274
1819
1740
1171
4151
4516
4382
1064
6090
4511
4604
6595
2253
1007
699
4213
4093
2468
1178
986
5175
2525
2204
5005
4284
5398
2217
2518
2309
1241
5444
4312
976
4175
4307
1271
9020
2528
2344
4200
6975
5120
4271
7263
2249
928
4247
2603
9171
1629
5019
1962
638
1573
