6211
1033
7565
6671
678
6608
7642
1032
972
7033
6672
6217
985
1061
937
7137
7097
7939
7136
717
6635
7139
7135
939
952
984
7938
1096
6607
607
6755
992
1048
7030
608
990
7123
909
6210
616
1034
999
957
994
7066
7138
991
1022
617
993
656
948
7326
938
7437
705
998
7110
940
6241
7933
929
604
931
602
6905
969
7935
6240
720
657
7561
719
921
914
916
6260
949
7099
644
578
507
547
502
509
501
510
576
511
504
508
518
503
523
505
525
568
531
519
517
530
619
506
582
635
634
9897
641
623
627
539
520
622
640
632
660
631
626
642
661
4115
4040
4393
4524
4056
4392
4658
4593
4508
4037
4140
4366
4608
4557
4279
4594
4684
4582
4686
4427
4609
4169
4005
4413
4595
4428
4689
4661
4696
4031
2575
2476
2576
5208
2577
2477
2114
2440
2580
2479
2387
5592
5497
2570
2367
2472
5464
2156
2365
2130
2022
1695
1186
1691
1137
1136
1223
1181
1443
2039
1498
1202
1746
1636
1659
1208
1622
1433
1718
1188
2884
2886
2976
2980
2964
2922
2949
2890
2963
2887
1774
1773
