6211
1033
7565
6671
678
578
6608
7642
1032
507
972
7033
547
6672
6217
985
1061
937
7137
7097
502
7939
7136
509
717
6635
7139
7135
939
952
984
7938
501
1096
6607
607
7566
510
6755
1774
992
576
1048
7030
608
7932
990
7123
909
6210
511
616
504
508
518
1034
999
957
994
7066
7002
7138
503
1773
991
1022
523
617
1752
993
656
1753
6820
7140
948
6256
7326
7438
505
938
7437
7436
7439
705
998
7110
940
6241
7933
1750
929
604
931
602
6905
969
7935
6240
720
657
7561
6089
719
902
521
921
914
7003
916
6260
949
7099
644
6259
912
1035
997
7317
6257
7210
601
942
525
950
7069
645
1016
603
610
7142
996
728
7205
1037
1002
7934
995
905
6023
7449
7054
1036
932
7319
6021
7005
7096
970
7197
522
7621
1055
1059
1042
911
6225
715
7071
756
7937
7166
7221
6226
6396
935
6252
6249
7511
7799
1003
6423
2022
913
1019
568
7013
920
1063
1001
531
711
1000
9551
1004
682
904
519
946
712
757
6962
6254
7453
7100
1010
6223
532
7563
716
517
713
1025
7182
732
4115
9553
919
6251
4040
526
7196
6752
748
910
1756
722
7936
7925
962
1695
9517
7347
907
1039
6253
6941
958
971
944
1754
6104
967
514
943
683
2884
7521
6961
947
6471
1056
7315
7063
926
1009
6224
918
2575
6511
922
2476
6719
7312
4393
530
4524
7001
4056
6128
710
4392
4658
1098
7442
1012
1024
1020
6510
955
4593
619
1068
9125
714
506
4508
4037
2576
5208
2577
709
2886
587
4140
6046
7120
2976
4366
2477
7031
2980
9550
4608
4557
6959
6643
7213
7321
2964
7053
537
724
6944
2922
2949
4279
1043
2890
1762
582
4091
4594
2963
6509
908
2887
6751
4684
553
7014
2114
901
4426
2978
1186
579
4582
4686
4427
7448
1846
4609
4169
2977
4077
4005
1066
4413
707
4596
4595
7111
4428
1691
1137
2744
1067
4689
706
9193
4661
6213
4696
4031
4685
2440
2854
2580
4079
635
2479
9126
5388
1038
4133
965
546
4082
1326
2899
6999
7776
2873
1136
4094
2387
7043
6611
4160
6963
1631
5592
4657
9121
615
513
6612
2935
1223
1181
7446
744
1443
4203
2883
6613
4117
2995
960
5497
727
4044
1011
2039
4337
1498
1202
4141
1746
4066
634
5584
2570
4394
1013
2367
2472
4588
4577
4699
2910
4088
1636
4631
1659
7447
4633
4695
6803
7445
925
1208
4453
9001
2984
1680
4336
533
7228
4107
9897
7201
2992
1622
6694
726
4105
4047
4054
4174
4599
6964
4513
5761
2864
2936
4467
1433
4191
4120
4429
1027
4416
4119
2866
5464
4051
7101
2983
4431
4229
4506
1718
2891
2990
4381
2156
4035
2365
747
1092
6360
545
2058
4097
512
1188
4253
2130
4198
1939
4688
4238
4060
2703
4241
4505
5873
1050
7325
4643
4922
4369
605
1242
4058
4171
5985
1450
1256
1160
9062
983
6032
966
1400
5936
4464
4092
4579
6642
2254
4158
1814
6041
7134
1097
4013
7032
606
6244
6020
4409
1822
4064
6443
4913
2162
1836
4598
4084
2423
4074
1370
1021
637
1261
4468
4172
4205
4112
4583
4218
2202
7300
1697
2486
2341
1228
6943
4269
4411
1618
2859
2991
2861
1057
6908
5767
1600
1414
1741
639
4214
2650
2026
4099
1669
641
4006
1110
749
1996
953
2129
2051
4049
1800
2025
2865
628
4183
4206
2000
4025
4521
4421
4440
4432
1692
1387
4589
2626
2988
4022
2153
1745
2928
2569
4002
6921
915
2104
7564
2256
4086
1264
4166
4004
4118
4423
1900
1230
1285
4043
4919
4007
2285
4406
4584
4644
2607
2471
4029
4237
5738
6212
1185
1654
1377
4424
4642
4340
4089
4388
4412
4463
4038
9017
1862
4065
4045
2346
4197
1671
1972
2287
2747
723
2187
4634
4378
4691
4136
2267
968
1646
4670
662
4422
7151
7065
961
529
7798
4418
4139
4296
4003
4438
4030
2113
4632
5658
4010
4001
4447
6922
9095
2507
4925
4195
4320
1657
1565
1696
1544
906
721
4015
930
1694
6980
1438
4100
5104
4354
4252
2746
5172
4254
4071
4290
753
4019
4384
4008
4314
4257
2853
4053
2655
4207
2789
4124
1935
4690
4646
5127
2989
5788
4398
2278
4081
5126
4281
1266
934
4603
2282
4420
1311
2475
4910
2574
1468
1164
1191
4692
4127
4395
5498
1690
4442
1421
4179
6924
2862
1015
4069
2146
4126
1140
5420
4654
4433
4122
4349
1157
2353
1620
611
2123
2408
4653
4601
2620
5467
2524
4063
4249
1995
4334
1237
1867
1182
4627
4638
1284
1847
4669
1258
4396
1263
6707
7107
2573
4462
9119
2554
4628
4435
2269
1839
1472
4102
5364
623
1031
2677
2147
1291
2892
2134
4635
2057
1693
4387
4101
4512
4243
2419
4545
4397
627
4073
4341
4016
2651
1124
539
612
520
6245
4161
1422
1918
989
1466
4912
1557
1470
4215
1133
4909
6638
7027
2860
2286
9087
4277
4597
4138
2354
4687
4176
4327
4530
9014
2349
2005
1558
981
4300
1820
6469
1044
4027
2701
1733
7195
4348
1094
2168
4637
9099
7507
7098
1231
5040
2996
1104
2907
7229
2407
1041
9117
5170
4239
9128
9016
1505
4322
9052
2048
4325
4575
4415
1260
622
1615
1919
4009
692
4391
2211
1716
9069
1624
2621
1008
6644
663
4317
1560
4389
6740
4048
9111
9137
5171
9088
1660
4375
2122
2627
1415
1989
4230
4328
4304
9049
4458
2186
2111
4519
4159
2347
1478
4011
4111
4177
9030
4306
2424
1825
2609
4021
982
9021
4070
9015
963
6979
2295
4210
4439
2351
9037
2527
6742
9101
4303
1496
4250
4474
4572
4645
4344
4360
5014
4373
2108
1232
4085
2291
4012
1647
1247
640
2322
4033
4017
7026
2608
1006
4228
1865
1990
9093
1933
1723
1420
1731
9011
1099
9004
5124
9105
9025
9027
9018
4587
1375
4219
4522
4251
2728
1473
4626
2484
6636
2185
4446
6741
4915
4586
6974
4380
4023
4163
4199
4114
5128
4106
9010
4130
2485
1257
4182
1259
1102
1965
1934
632
975
4285
6513
708
951
613
6790
4259
2917
4405
9019
4606
2357
629
9055
6976
2270
1501
2345
2148
4556
1619
9096
1408
4028
9100
1988
4570
4321
2001
2138
4605
5030
9102
4098
2654
4188
4693
1436
2652
750
4275
4014
4921
4062
4918
4232
2537
5944
2389
2289
4640
1502
1702
5003
4104
2116
4298
2288
731
6096
2320
2268
4510
4636
725
1287
4095
2125
4233
4379
5045
1564
5547
5118
6512
4052
4020
2102
1984
9785
2402
4469
7115
621
6641
9187
9024
2115
1363
7019
1207
4212
4129
4353
1138
660
4532
4268
4264
4698
4459
4248
4265
4518
2160
2702
4343
5367
1366
4034
1234
4311
4916
1980
4437
2656
4364
4267
4283
1168
1147
5113
631
4032
2366
1148
1572
4523
620
2544
1732
1307
1974
9118
2417
1925
2553
6970
4368
2729
2109
7512
4109
2337
2406
1555
6645
1005
659
4410
2743
1552
1553
1216
4217
1910
2509
4390
2618
936
9023
5006
4571
2310
9122
2678
9109
9091
2586
5038
2587
6951
4655
1559
2790
2023
2266
6791
4072
1201
2625
4208
4629
2255
4347
4448
7230
4377
4355
9005
4262
1477
4346
4061
4246
4156
4204
9007
4370
1220
4567
626
4293
2404
1602
1973
1117
5119
4660
5593
2302
2299
2214
4923
1268
1405
1413
9054
4202
1368
2418
6984
1175
4400
2562
2519
9089
6792
4226
6640
2715
7036
4036
1471
1554
1222
2920
6983
1922
1026
7041
4103
2679
1166
2250
2338
2469
2316
1551
2245
4911
6247
1131
1730
1225
4096
1920
1480
2604
1930
4050
4358
1705
2522
643
5016
1476
2055
4534
5374
9192
4385
9090
2009
4323
4569
4414
1333
1587
2421
4245
4076
4461
1265
4294
4402
4401
7479
2124
6639
4641
4607
4460
6744
4055
2161
2680
6981
4517
6743
1371
1255
4113
4443
4180
4244
2016
2619
4157
1290
4694
4924
1614
4310
4258
2264
4185
4078
4288
1821
5008
1269
2306
2499
1418
5399
642
2252
1358
1304
1119
2325
7170
2207
4173
2355
9009
4170
4472
980
4164
1492
1616
1233
1906
2221
9008
2235
4449
4326
2605
1970
1254
7478
2004
2726
2106
9003
5286
9012
9045
703
7021
4371
4514
1561
4319
1529
4152
2648
2615
2520
4908
2601
1967
2416
4445
4434
2343
1968
4466
2013
2239
2263
2319
2921
9139
2280
5141
5002
4041
4057
978
2502
534
1485
2616
1360
1236
1526
2308
1714
2911
7480
4154
2610
636
2224
2271
4315
1726
1818
4083
6745
4920
2602
4068
9138
2504
746
4222
4026
9002
2542
1253
2617
4067
1830
1556
1369
7277
2420
2296
2624
4471
9123
1376
6523
1976
5025
9115
9169
4650
4648
9097
9113
5449
9041
6047
1832
4308
1205
4656
2056
1866
6985
4255
1132
1586
2213
2027
2228
4475
5107
9059
4235
4477
4187
4362
4465
6982
1720
4221
4087
4436
4600
4333
1484
4190
1224
5066
6637
1519
4573
4531
4090
4201
4350
4630
4234
4568
9104
1244
2483
4533
4515
2515
4639
661
4155
1249
1163
1248
4165
4184
4476
5122
2248
2508
2257
2745
5035
5011
2201
2277
630
743
1402
1052
2658
730
1169
1584
7192
2101
1969
1196
4335
2326
2262
1365
1352
5017
4150
5010
6596
2276
4039
2333
4196
5125
9043
1460
1613
1306
1523
1608
9046
1250
1302
1226
2470
7012
2399
2918
4452
1908
2301
2241
1410
1643
9056
4316
4663
6947
4332
5447
1295
1152
2284
2339
4193
4178
1481
1541
1251
9148
2304
4227
4356
4666
4297
1538
7931
9112
2247
9107
2318
9042
9050
1180
1516
2243
5083
1139
4917
9006
5053
4345
2258
1517
1950
1165
1569
4225
1625
594
5307
4273
4080
4299
1562
1305
2290
4108
2589
6146
1125
1451
2649
9013
2311
2614
5114
4274
1819
1740
1171
4151
4516
4382
1064
6090
4511
4604
6595
2253
1007
699
4213
4093
2468
1178
986
5175
2525
2204
5005
4284
5398
2217
2518
2309
1241
5444
4312
976
4175
4307
1271
9020
2528
2344
4200
6975
5120
4271
7263
2249
928
4247
2603
9171
1629
5019
1962
638
1573
9142
9114
9026
9141
6599
6603
9094
9108
9140
9120
9131
2582
5111
1141
2008
9092
5059
2169
5075
9098
2049
2532
9129
2926
5058
1384
1235
4338
1293
6986
4286
6948
1108
1469
6949
1944
5808
4242
2364
1367
2012
4301
4473
2215
1527
4291
4181
4194
1128
4292
1145
1170
2292
4261
4110
1724
6524
4309
5072
4280
4272
4581
1926
4209
4278
4313
751
6973
7048
1211
5085
1361
1522
4289
2294
2275
9051
1270
1262
5116
987
5302
988
4260
4417
6965
1120
1649
2209
2229
2225
2236
1911
2303
2297
4231
1802
2336
1630
2491
2506
614
2331
2312
1604
2218
625
7214
2426
6561
1114
7121
679
7198
941
6942
7152
956
536
