1100005
1100003
1000405
1100004
6211
1000322
25273
1033
23016
1000103
12414
1000281
7565
6671
678
578
25669
6608
12721
25786
7642
1032
507
25787
972
7033
547
6672
6217
985
1000680
25728
1061
937
7137
12437
7097
12114
502
7939
25730
7136
25723
509
717
25271
6635
12580
7139
12116
7135
939
952
984
7938
100232
501
1096
12736
6607
607
7566
510
6755
1774
12424
992
12020
25729
576
23720
18008
1048
23436
7030
608
12115
12722
7932
22687
990
7123
102803
909
6210
511
616
1000374
12117
1000263
504
508
518
1034
25899
999
957
994
14539
1000334
25867
7066
7002
12016
1000257
25814
7138
1000681
11623
1000333
503
25731
1773
991
12427
1022
523
100371
617
12429
25813
1752
25811
1000280
993
25809
656
1753
6820
100233
7140
948
25812
25810
12246
6256
13200
1000258
7326
12120
1000243
23342
7438
505
12928
938
12354
7437
7436
1000256
7439
14540
1000245
1000255
12434
1000260
705
998
1000244
7110
1000259
12118
940
12431
1000261
1000262
18001
25864
6241
7933
1750
929
12119
604
102547
931
602
6905
969
7935
6240
12738
25506
12121
720
1000372
101471
25509
12576
657
12196
12418
25505
7561
6089
25740
100231
14533
719
25767
902
1000332
521
25507
921
12792
914
7003
12720
11624
12430
916
1000874
6260
949
12508
7099
1000276
644
100920
6259
1000331
912
1035
100412
997
12432
7317
6257
7210
601
102545
942
525
950
1000290
25739
12433
7069
645
12507
14600
1016
12883
603
102278
610
102546
25865
7142
996
728
23344
102544
7205
12509
1037
12734
23506
1002
1000321
7934
995
905
6023
7449
12550
100487
7054
1036
932
100198
7319
12723
6021
7005
7096
970
7197
522
7621
1055
12575
1059
1042
23115
911
101177
25041
6225
715
101264
7071
100413
12033
22985
20940
756
100512
12735
12419
11548
7937
7166
7221
6226
22703
6396
935
6252
12436
6249
7511
7799
1003
6423
13440
2022
12659
913
15066
22707
24669
12321
24671
24672
24674
24670
13086
22704
1019
21007
102343
568
12510
22706
7013
12531
22705
22702
100177
1000510
22701
101261
12658
18004
22534
920
1063
23330
23335
24673
14535
1001
101565
22752
101309
531
25668
711
101311
14620
14618
1000
22750
9551
14621
23323
1004
25866
100621
100572
23374
14619
682
101178
904
519
12055
101308
12018
946
712
25131
25766
757
6962
100457
6254
7453
101262
7100
1010
6223
532
19241
400001
7563
1001253
716
517
23334
14616
100690
100452
23345
713
100596
23136
1025
102676
7182
12623
732
101390
4115
12059
12064
25764
9553
25762
25759
100456
1000275
14617
420003
12719
1000505
12197
12815
919
100601
22751
23343
6251
4040
410091
526
7196
12044
6752
748
910
1756
722
7936
7925
410016
962
25377
12054
100453
1695
12679
25761
12049
1000504
12791
9517
11549
7347
12596
1000517
100650
22754
100651
907
25760
490159
12661
12048
25763
12660
12069
12065
1039
100602
1000511
1000363
6253
6941
100488
12068
12404
101077
1000336
12040
958
100455
1000515
1000513
1000289
11520
971
944
100454
1754
460014
6104
11564
967
24792
23376
27125
1000506
514
102277
32208
943
24793
420030
12662
15037
22753
683
27361
28382
2884
7521
12053
101306
6961
947
11563
22004
6471
14589
25675
28439
300241
15038
1056
22755
25676
12071
300150
7315
7063
400150
27082
926
1009
23375
6224
918
2575
25674
6511
22679
20590
12058
922
1000373
2476
32207
27161
101314
25671
610012
6719
7312
4393
530
25304
12411
420031
4524
101362
25677
25670
25672
7001
12086
400141
15376
25680
4056
6128
410017
710
1000335
12663
12292
102224
12533
4392
4658
12615
1000514
1098
25673
19117
300240
7442
101364
12664
28509
22005
25683
400134
19239
1012
14590
27101
23356
1024
400146
1020
25681
25305
14588
6510
24883
955
4593
300263
27114
619
22011
12063
25060
25682
25061
1068
1000225
9125
400002
714
300144
23377
28902
27116
22101
410093
12081
506
450177
23288
300261
1000430
4508
4037
22911
420076
19101
22999
100742
12043
15036
12105
102068
2576
12573
5208
22926
2577
101001
709
2886
587
4140
32228
6046
24078
20717
7120
27103
18848
24080
18982
24884
400023
24081
24083
12717
100414
25765
2976
4366
300270
2477
24082
7031
100425
2980
24079
480136
1000471
9550
27026
12096
12724
300271
4608
28354
21009
14586
420210
20968
24087
300118
300278
1000375
4557
12091
23663
1000323
12012
6959
24084
101099
20963
1000218
13442
14523
420005
6643
24089
7213
1000376
101013
7321
2964
7053
537
20964
101002
100205
28705
410233
724
24085
24088
27286
6944
24086
12612
20933
2922
2949
25921
300254
4279
410079
25454
100479
540042
1043
2890
480198
20966
28942
1762
1000431
582
4091
480306
4594
300220
2963
25711
420213
6509
490163
25017
908
32230
28022
2887
15042
6751
100206
4684
490099
25627
553
16040
28254
20967
100423
15282
7014
18849
23238
25691
102677
100784
14591
32210
550055
25068
20965
25688
22529
28900
25678
2114
1000279
901
25687
27351
100890
19238
18977
12008
24242
1000215
22171
24251
12076
24240
1000220
300101
300250
23032
4426
101665
2978
1000512
28000
22002
20945
23237
1186
101020
550054
15390
1000213
12561
579
490464
25692
1000217
300265
25679
19824
22000
24616
24445
4582
300618
4686
300242
4427
7448
1846
1000298
12293
103316
420220
100485
24241
25710
25306
4609
4169
25000
22206
23320
12070
100585
25453
2977
22085
24301
101259
22238
490100
4077
400011
4005
1066
4413
100469
12279
300119
25684
22006
23992
24565
707
18971
15377
28612
20718
300104
22008
1000296
490406
23236
101180
25689
23227
23153
4596
24564
25690
28762
26151
25456
4595
20838
12030
1000105
400160
15399
1000299
1000106
25142
1000293
28945
1000297
28106
25127
7111
300243
400180
27118
100391
19776
21015
23284
1000107
1000520
24682
19240
4428
1691
18813
24150
25455
1137
100691
27107
2744
100620
24315
25447
1067
1000214
19961
15402
25713
4689
24681
540022
28563
1000611
24306
706
420269
22001
12045
20943
24443
1000216
1000219
21050
27115
1000419
100417
22111
28562
9193
24288
100207
4661
24151
24282
420020
28629
610035
6213
1000613
4696
24250
1000116
4031
24563
4685
1000610
2440
101258
1000612
300223
1000122
1000109
2854
100821
31611
101257
1000618
12087
1000616
13061
24444
1000117
2580
1000112
24294
24580
23135
24679
450127
27385
25226
1000108
24886
24768
490106
24243
24885
4079
1000110
410012
635
550081
24244
2479
25712
19973
540041
24245
27108
490469
9126
5388
22924
28007
24887
1038
1000614
1000615
410080
25448
32233
25015
4133
300260
965
546
24767
410232
24752
22912
100917
4082
15388
24751
480393
19268
31432
101564
300264
1326
32229
24541
24680
24753
25174
24304
16088
410092
1000617
15246
490065
400528
24292
27339
24018
450178
25172
2899
6999
7776
550057
24373
1000526
490064
24539
2873
25445
20788
470087
450182
15186
1136
4094
490511
2387
101004
7043
12532
560009
490056
24166
24540
510053
6611
12050
13049
24754
27307
4160
6963
1631
1000396
102342
18979
24537
24168
1000111
100481
1000294
600009
5592
24527
24269
25685
22927
31480
24252
540004
4657
1001252
24583
9121
24346
24273
100547
12425
22009
100322
27335
615
15156
12072
513
6612
12582
25233
23926
24374
24246
1000501
1000502
820004
24019
20391
25446
2935
25775
20934
25173
1223
27338
20947
24167
610008
830002
1181
24578
31410
24291
19267
22209
300279
24339
25847
25141
20071
20443
18559
15030
22847
28922
27257
24318
300006
19439
1000875
101009
7446
744
22083
24340
100938
24348
300108
24379
15397
24314
27176
490057
24646
24260
1443
23239
4203
2883
6613
540010
20069
24375
24582
4117
24581
24249
15174
2995
24888
960
28635
470066
28258
15074
24169
27117
19162
5497
28522
12680
470088
26162
24308
24579
13127
727
400739
20987
24613
490498
23806
4044
23168
1011
490053
22928
19095
300076
24377
24285
19134
28755
27163
10045
1000516
2039
22007
19242
4337
24349
24248
550059
1498
22168
15400
23170
1202
4141
24256
1746
4066
634
23331
1000224
490107
5584
28626
24351
24427
24378
1001069
32231
2570
4394
1013
24376
27384
24765
19290
24433
490044
2367
24255
27356
18560
420022
27306
24614
31844
24429
420017
490438
300256
15401
12077
32237
490024
460004
510071
400022
21063
25171
24371
24423
24615
2472
24647
12032
4588
24434
24746
4577
1000222
24170
18174
27012
25848
4699
2910
4088
31021
24462
19683
1636
24020
300116
24764
25845
410278
15128
100269
100822
19972
32209
19344
24345
24311
490155
27296
24428
101017
4631
1659
7447
24431
4633
27256
27289
24347
1000127
24277
24617
20077
420383
500030
19308
22913
20502
610009
490052
16028
4695
24171
24274
24321
6803
7445
925
24164
490120
25846
1208
24254
24350
540023
4453
19265
13158
9001
12846
300249
2984
1680
24661
590012
100753
4336
31195
24370
25843
24309
16013
18178
101008
24173
533
24437
31974
550008
16039
24424
24165
420018
490515
22112
300106
420019
24619
24648
24618
300252
7228
24159
480107
25707
24175
24430
400200
4107
24372
24621
9897
24156
24161
7201
24436
700019
1000525
400178
400199
24432
490045
24329
27355
2992
24625
15389
19967
100023
1622
490093
640031
24328
6694
726
24763
24386
24735
19150
4105
4047
4054
4174
15126
12092
4599
28604
24766
6964
400226
24438
4513
22003
1000118
5761
2864
24160
24177
15346
400120
26109
25495
27260
24275
24479
13414
24461
19210
420021
300269
24620
24163
24435
24662
2936
15278
640012
24310
20404
24172
18130
24463
100708
101047
24157
24162
24178
24158
20944
470071
15347
100918
18536
490156
4467
1433
24298
4191
24176
490397
24253
4120
24232
24247
4429
27258
18149
24021
24649
1027
4416
450179
24664
25708
410099
20101
25798
12103
28763
19157
20460
300222
4119
24179
19249
25844
2866
490521
5464
300141
20902
4051
24174
7101
700018
19245
2983
1000305
530015
650003
400233
300231
27328
13345
490420
1000123
4431
300273
24650
1000325
22915
24264
28771
300125
550015
500026
19657
31887
20239
4229
1000126
4506
24296
300123
1718
24262
550080
2891
1000345
24218
20819
540043
2990
18984
490152
100819
510020
24604
4381
490479
1000115
24293
2156
27086
300294
4035
100009
2365
24651
12373
747
12718
12004
1092
6360
1000337
545
12082
18009
2058
1000010
400242
600017
25855
1000009
25799
27015
19146
300124
300105
4097
24270
24266
510055
580008
550056
28631
24667
15279
400241
25414
24486
19266
19143
24529
19147
400189
24261
18119
560018
24528
18122
400044
24023
19968
12614
22196
512
24666
490153
300089
19296
1188
4253
300117
2130
28392
4198
300111
27171
24626
24183
510054
1939
490048
480091
24734
32352
20843
25496
640011
4688
25452
19153
300109
400021
24217
27170
24272
4238
4060
24307
25706
400099
400078
2703
27309
400079
4241
400219
400216
4505
28391
24257
5873
1050
300114
22107
7325
24663
24668
550013
490171
19118
23538
20737
24197
25857
1000223
24213
24208
570009
25850
24324
16089
4643
4922
24653
300251
24627
100661
1000424
4369
605
25783
19966
300010
13093
24297
590043
20773
15353
20842
24290
28725
25856
510022
26155
19263
1242
4058
490488
1000365
15398
1000420
23354
24231
24305
28901
480093
400054
21054
4171
1000125
5985
400179
27013
24492
15195
24276
1450
23776
1000423
25062
24344
550030
31415
25419
24209
400116
25800
480088
19168
27311
23355
1000016
24493
490091
25686
1256
1160
9062
983
6032
966
1400
15354
500013
19952
25849
480221
410220
100835
1000012
24312
27177
5936
24211
27320
4464
550012
400218
4092
4579
24325
6642
2254
4158
1814
6041
7134
24327
1097
12011
31089
490049
480360
25494
24678
490061
580009
19149
22133
400238
640020
25716
19148
24487
24263
22118
1001175
24450
4013
24628
28508
7032
20392
24258
606
6244
25128
6020
490181
490180
480090
480223
420016
19549
480419
19713
400217
24319
27308
300122
27249
4409
24655
24259
1822
4064
19974
6443
12013
4913
2162
24665
16099
24403
20290
24485
28100
400343
410276
20145
400431
19243
510070
1836
25852
24212
25808
27310
4598
400192
1000319
27340
24022
12290
24303
4084
22930
101389
24295
570002
24447
19135
24215
480123
21058
25807
2423
19151
20955
1000008
25859
27354
19247
31389
4074
101182
840004
101181
13455
1370
28008
1021
300082
637
23189
1261
100834
4468
590002
20844
19154
4172
400191
830003
24313
4205
4112
1000301
4583
4218
24278
24657
23247
2202
12060
7300
24343
32025
490167
24676
24302
490165
20405
420385
1000124
1697
26154
600008
24180
24034
24491
100553
300255
100208
650019
24451
400190
19969
31459
2486
16041
2341
300238
22916
450128
18975
490172
400729
1000306
1228
27172
6943
300015
25851
4269
4411
1618
2859
300295
300272
19970
20393
2991
28706
2861
24118
1057
490025
1000153
6908
19873
590011
510034
24446
400239
24196
19947
20326
24316
300003
400235
13332
5767
1000017
24040
32232
15025
25715
1600
21047
32301
19464
610015
1414
1741
639
23336
480131
18974
20535
24448
27259
31602
4214
25500
300077
25016
24449
24300
490067
27178
510008
2650
24041
25861
2026
4099
300293
28107
22516
12814
24407
500039
22197
1000019
410094
400121
24404
28772
510019
24286
24214
1669
25413
25417
27251
490051
490531
24459
25714
21016
24629
13493
300296
641
13128
4006
1110
749
1000277
1996
19963
953
24770
25067
420010
28941
24405
15280
24425
16063
25450
32303
24501
31260
28764
19152
18522
400098
2129
2051
500025
25804
19300
490415
490060
22190
24057
4049
490434
18121
19176
400097
830008
20267
24635
28381
13062
23249
1800
2025
12813
2865
22944
628
550014
19244
4183
300088
19393
24652
31121
420047
400237
28045
24210
4206
24458
1000307
400240
2000
470073
500003
27313
19965
490058
500007
32018
24036
800002
24474
24184
4025
22108
4521
15000
13328
4421
4440
4432
18563
300244
1692
700003
550024
24683
24675
18978
480541
25717
20518
31735
31384
16018
13346
13337
25803
300115
28744
1387
4589
400049
25451
300016
24654
2626
24265
400181
300292
400198
540005
24037
400234
24281
24634
2988
19466
16065
31059
4022
25853
25858
2153
12009
1745
25806
24181
14726
22931
490166
410320
2928
25415
650008
436002
102733
400000
24182
24510
27087
25491
1000014
1000013
2569
32302
640019
19964
24073
560030
4002
22084
31304
6921
915
12812
2104
19962
7564
490121
490164
480436
490101
300097
400118
530006
25801
24658
27293
24536
2256
300112
18572
700013
490050
24502
4086
1000119
1264
24460
100419
24630
4166
24758
4004
32005
24656
15129
4118
4423
12097
24115
25862
24473
1900
20164
1230
21010
590030
24289
1285
24532
28765
24524
25499
13485
490059
28766
640005
510006
27261
25007
400229
24530
24299
490066
4043
24515
24279
24317
510009
4919
490402
25860
4007
27252
24500
300232
24636
24267
2285
4406
12676
13197
28605
24119
4584
12028
16093
480176
25805
1000379
24685
18983
31396
410049
19550
28953
19871
4644
13412
2607
24185
300214
2471
24042
19209
24048
4029
23324
19971
450164
24076
19264
4237
15138
19701
24268
510026
530023
5738
25303
600013
6212
530013
460017
610033
550046
700046
18980
480097
19992
1185
31674
32248
1654
490054
1377
560002
650004
13469
31728
820005
4424
4642
24757
24035
24465
4340
640004
15858
15029
24606
24538
25418
4089
4388
4412
590036
4463
24633
400128
300258
450145
4038
9017
26164
470077
1000328
560027
25709
24677
22917
24341
24686
1862
19181
24475
25072
580002
620004
31093
300110
25410
420054
1000303
24043
4065
24038
22893
25802
4045
2346
4197
630007
810005
1000114
1671
1972
2287
2747
723
25501
14537
100480
25797
1000378
480020
31847
24402
18185
19293
31819
25498
31394
31564
15073
27292
2187
1000121
19131
27253
24489
25490
24326
27088
24044
25492
550009
4634
24470
400201
4378
4691
24526
24631
400059
4136
2267
968
470070
27149
300142
470074
23250
20756
300259
540013
1646
4670
662
4422
7151
7065
300009
12320
18006
961
100268
24045
1000327
529
20789
7798
4418
22943
18187
18973
19546
1000143
24509
1000377
24426
490046
22010
19211
1000300
31200
700008
400567
24511
400703
4139
25698
400243
4296
24464
28101
27179
4003
4438
610020
4030
2113
4632
5658
23248
19026
4010
4001
4447
20470
6922
12014
1000011
22611
9095
300081
400511
450217
24406
24284
410199
1000134
20805
20395
28044
21038
28767
24116
31120
25416
2507
24401
4925
24605
28130
500017
13157
20748
1001907
490047
550006
4195
25409
4320
24525
1657
300005
24271
24549
24490
24521
490090
1565
1696
24466
490092
19177
24280
18123
480083
820002
1544
31519
906
721
25696
100321
4015
28440
930
1694
6980
100684
1000304
410430
20804
24408
540021
25071
18190
840005
700030
20487
490055
13413
100652
300235
300086
1438
20047
410013
28721
840001
4100
5104
27295
22113
1000018
400061
24039
22909
4354
20463
600011
4252
2746
5172
4254
24110
22059
15028
490539
31022
24480
1000113
15043
400231
830001
100888
4071
24659
4290
570028
700050
300233
753
4019
4384
700009
24077
4008
12123
23767
4314
23922
25842
4257
300267
1000521
25497
24413
1000326
2853
4053
20808
510041
1000133
32023
100486
24283
19551
19726
25493
24114
300113
2655
18972
410063
25412
4207
25695
20108
27111
300257
2789
400244
4124
560011
28140
700032
13454
1935
25012
24457
1000120
400230
4690
28255
4646
24472
25411
24033
5127
300236
13106
28136
24632
450144
510032
2989
640013
820000
5788
4398
2278
4081
550058
300245
24117
5126
4281
1266
934
590003
12098
24409
25449
510040
31315
1000168
700031
300218
1000142
20255
19805
4603
300216
25070
1000158
31613
420029
25069
24331
31416
19654
21052
1000169
28608
24761
2282
24554
4420
1311
13027
2475
4910
2574
1468
560008
450146
1164
27167
550026
18170
1191
4692
20447
24660
26118
24760
4127
31060
24548
31736
100998
4395
5498
23474
28244
19686
1690
4442
1421
4179
300140
31061
6924
27290
23546
410491
25854
490109
2862
420140
1015
4069
2146
4126
24219
13078
24736
31301
20401
1000015
24733
19854
16092
19603
20315
1000164
31729
24531
31533
18752
1000135
19584
20840
20311
19098
1140
5420
25002
24105
1000188
20288
32249
16027
4654
4433
410156
300011
27112
4122
400228
4349
24550
15026
300246
100025
1157
13338
2353
1620
24074
24075
24102
1001909
611
100501
23545
300247
2123
2408
4653
12198
13094
100270
1000221
19552
13441
23187
100003
25736
400109
4601
480288
530019
480316
20806
300095
19605
480118
24737
620010
18564
24410
20807
20802
18528
2620
5467
24440
420224
1000176
31476
1000128
540020
31846
420015
31138
550007
24441
420424
13076
31241
2524
570017
540019
18164
300277
24366
4063
4249
13304
24755
1995
400227
27083
24456
4334
630012
1237
24756
28745
1867
27304
1182
4627
28257
24481
580018
27250
550025
610021
4638
300148
18180
1284
1000434
31255
1847
4669
470072
13167
1258
520002
510049
24072
4396
32019
1263
1000198
24543
25129
100496
100823
470033
24222
6707
1000129
28001
7107
31152
20313
300121
19512
24750
590034
2573
19878
1000131
4462
25697
480122
9119
420207
400094
31574
31046
31567
25699
25059
19908
2554
31848
600004
31715
24573
610003
25004
19703
1000190
24488
27297
4628
4435
400236
300211
2269
24099
1839
24506
24052
24497
31516
24513
24762
24152
24031
24759
550028
23346
1472
4102
26007
18120
570018
24504
24384
5364
300004
15378
623
1031
1000137
2677
2147
24364
1000189
1291
800010
580027
19294
28380
2892
1000193
100579
100421
24333
1000166
24518
12359
2134
640028
600023
470122
100939
100750
560017
19604
28039
1000141
31934
410277
400117
1000130
31538
490108
31483
32250
480127
410095
410399
24094
1000152
18981
25013
24572
1000194
31036
15178
24029
400119
4635
2057
24574
24552
1693
436000
4387
4101
500004
300002
4512
24639
4243
24322
2419
4545
24100
27110
28038
13089
20327
24478
4397
470076
627
4073
24467
300012
300017
23281
810000
590021
4341
4016
2651
300008
1124
24644
31058
539
612
520
6245
610006
4161
300149
24622
23302
1422
1918
25420
989
24106
1466
20937
4912
28619
23188
580028
1557
24411
1470
100498
4215
1133
4909
6638
7027
2860
450405
1000523
20132
24749
620015
31716
24542
31928
500014
20248
420067
18740
570005
31833
570027
28356
32251
700049
18186
2286
28241
9087
420423
102735
13090
31452
27357
820001
24455
15097
24555
18597
300268
13313
4277
4597
27084
27102
4138
24476
24098
2354
4687
24477
24336
4176
4327
500045
4530
830009
9014
2349
24484
2005
23240
24383
16000
31387
26140
18569
28253
1558
24547
15012
981
4300
1820
12122
24643
6469
1044
1000201
4027
2701
1733
7195
1000136
32024
20790
4348
100820
19284
1094
25064
2168
4637
9099
100497
12796
540011
13034
19428
7507
7098
1231
5040
2996
1104
2907
7229
2407
1041
20407
21051
480021
400789
31023
24414
25694
480472
31178
20250
9117
19823
19545
20380
22114
22117
1000161
1000200
480422
20744
24645
1000183
20283
5170
4239
1000160
24519
1000157
9128
1000197
9016
25003
24553
1505
24556
24575
4322
32238
20948
26215
24030
24365
24498
24153
300098
9052
800003
2048
24101
4325
27288
4575
31017
24499
4415
300230
300221
810002
24095
1260
24385
27312
24533
100011
23241
100783
620016
20847
622
1615
27169
500018
1919
4009
18880
490482
100500
16031
692
4391
31624
2211
300096
1716
9069
650020
14574
100699
1624
31409
24104
2621
22814
100538
1008
6644
663
4317
1560
18609
4389
410157
6740
4048
300085
9111
480246
9137
20430
470022
20618
420222
24415
600028
31856
27331
25176
5171
31816
410245
20249
31832
9088
20009
300083
100403
1660
1000199
1000184
31905
1000154
4375
100499
2122
25058
18976
2627
1000156
400803
1415
25010
24520
1000196
1000165
18145
24623
25008
24471
27255
24442
1989
24551
4230
4328
13001
24367
400095
32239
4304
9049
24508
4458
2186
1000302
2111
24108
4519
24363
4159
31018
24557
28256
2347
24335
27085
1478
4011
27174
24577
560019
27181
13046
4111
300120
4177
24546
24220
9030
530002
4306
2424
10004
1825
18179
620005
31303
2609
590015
24469
19803
24468
4021
1000195
982
700045
1000172
9021
12132
4070
22899
9015
963
100004
6979
480124
2295
4210
4439
1000202
1000139
1000170
2351
24412
31570
24103
100164
24730
480096
1000397
24747
24748
400347
15348
1002239
550027
9037
2527
31331
6742
31382
20433
24090
20811
9101
20803
20022
1001908
31572
24342
4303
1496
19526
28768
19906
420014
1000179
1000155
15147
4250
4474
28138
4572
27159
27016
4645
560004
4344
4360
5014
300253
24092
24065
4373
2108
570012
1232
24058
4085
24535
24055
2291
4012
13404
1647
16003
24070
15379
1247
840002
640
2322
20935
4033
24566
4017
7026
15380
19856
2608
1006
1000503
4228
24507
1865
1990
24640
9093
24505
23667
20936
23777
15027
1000173
24534
27018
640027
1000163
580005
1933
540051
1723
20809
1420
1731
9011
12364
1099
9004
5124
22932
450407
480125
24731
27165
25693
300091
19366
20219
400427
9105
20522
420570
31252
420088
19085
9025
25702
420511
410200
1000174
410144
410194
19543
810001
31765
9027
1000175
9018
24612
4587
100407
1375
590022
101482
4219
18673
4522
4251
2728
1000177
436001
1473
15093
4626
2484
13138
24071
32350
6636
2185
4446
6741
4915
4586
300219
1000159
23347
18878
6974
4380
24545
4023
590006
24061
24062
24154
4163
24155
4199
4114
24482
5128
300147
19097
4106
24060
24503
9010
4130
10018
2485
1257
10020
4182
1259
1102
24107
1965
530009
26139
24602
1934
100010
632
630003
24066
24067
10008
975
12700
100273
4285
1000178
6513
27314
1000185
13035
708
951
613
100354
300093
6790
4259
2917
27030
4405
9019
4606
22208
100167
2357
410218
32110
20377
629
9055
6976
2270
1501
2345
2148
4556
510027
32013
20923
22192
19602
24738
1000145
20279
28913
20381
27183
31573
420255
460018
1619
9096
420427
1000144
19924
420512
1408
19721
24287
20733
31947
31863
15047
400450
31177
19566
31440
13461
24091
4028
9100
24567
100970
1988
410131
31953
1000187
24332
100331
24334
24223
100653
1000180
100400
21039
4570
300276
4321
24611
2001
28630
2138
27017
25704
28225
31518
25005
4605
5030
9102
100542
4098
22044
2654
24096
24603
18188
4188
4693
27148
1436
2652
27350
27352
750
4275
4014
4921
24452
4062
4918
4232
18932
32351
300019
27254
13421
2537
580017
24193
24069
5944
2389
2289
300143
4640
1502
1702
5003
500008
700007
13170
400046
4104
2116
4298
2288
24454
731
6096
25703
31565
2320
2268
100402
24396
480167
23357
28023
4510
22201
19836
4636
1001074
725
1287
4095
2125
15100
25302
4233
4379
5045
480181
31465
1000182
27316
1000132
550050
22746
1564
25782
5547
10006
600016
5118
6512
22115
300087
20570
31449
4052
31251
4020
2102
1984
9785
20946
2402
4469
7115
400111
621
6641
400758
600024
24728
300094
480361
9187
100355
450406
27262
300266
19826
9024
27305
31588
436003
19547
500038
2115
550031
20374
31403
420027
420333
31330
100058
1363
420554
20464
400692
15048
7019
31693
31463
15096
700054
24353
19874
100363
24638
1207
24093
1000138
19507
25009
24495
24568
810006
24221
4212
4129
4353
27147
1138
25006
25700
660
27291
31016
4532
4268
4264
4698
4459
4248
27014
4265
18110
4518
2160
24226
2702
4343
28042
5367
24496
1366
24610
24453
580012
19948
18930
4034
28633
1234
24064
10016
4311
24642
27341
4916
24516
100401
650009
300020
1980
4437
24641
2656
27264
1000435
300018
4364
27337
4267
4283
26138
700021
1168
300128
22109
24483
15046
1147
24576
5113
24068
10001
24570
24569
631
4032
2366
10015
400565
300234
25065
1148
1572
4523
620
2544
1732
1307
1974
29153
9118
1000162
31721
100168
20821
19912
2417
1925
2553
6970
4368
470023
2729
2109
7512
100539
19807
4109
400278
2337
1000171
27318
2406
100721
1555
100436
20190
24225
23175
6645
24398
400656
400183
1005
19542
13314
659
4410
2743
1552
31087
1553
1216
4217
550075
1910
2509
4390
2618
19537
24032
24097
540035
27122
22047
1000181
12106
936
9023
5006
4571
2310
27196
31580
19513
490069
23229
9122
480457
20579
610034
25170
2678
31176
31332
510030
25137
25177
100271
610019
480460
19883
31951
490027
20242
19283
31368
19553
19678
400161
16095
24637
20481
410029
31041
20312
9109
9091
400516
27120
410226
15176
20546
2586
5038
31203
1000140
31815
24357
2587
1000167
490062
25066
6951
100330
15017
1000207
28483
1000186
570008
4655
24054
1559
2790
19223
24112
2023
2266
6791
4072
32026
16096
1201
24053
2625
31020
4208
4629
2255
26200
4347
27173
4448
27197
7230
10002
4377
15117
24056
4355
9005
4262
1477
4346
24523
24544
4061
31105
24517
4246
4156
27386
4204
9007
4370
1220
22043
4567
24624
18931
300237
22036
626
4293
2404
1602
1973
1117
24608
24558
12395
24059
5119
4660
5593
2302
26161
2299
2214
4923
24571
1268
1405
1413
31535
15395
9054
25666
490063
28510
4202
410061
1368
31664
2418
6984
1175
15095
4400
2562
2519
20241
9089
6792
410318
27359
102069
4226
15146
410219
6640
2715
7036
20318
4036
25063
23779
1471
28223
1554
1222
24338
19520
2920
6983
1922
18929
1026
27353
25011
7041
4103
2679
13159
1166
15094
400057
2250
2338
15098
29149
400110
2469
27263
2316
10040
1551
2245
4911
410108
6247
1131
1730
12363
1225
4096
1920
31569
1480
1000402
2604
1930
23668
22200
4050
4358
19518
24724
1705
2522
25633
31877
643
5016
19519
1476
300078
480197
13017
19424
480503
550045
20749
460006
700029
20457
25136
20627
27329
15393
24399
400210
24400
500044
31439
420057
2055
31313
4534
5374
19590
9192
480501
20317
31179
400225
20257
420307
27027
4385
9090
2009
20033
28242
24352
31784
4323
19522
31510
31424
27333
4569
4414
1333
1587
18816
100396
2421
31144
23078
4245
4076
4461
1265
15212
15111
630006
100165
4294
4402
100277
4401
300215
7479
2124
6639
4641
4607
26213
24111
4460
6744
4055
2161
2680
28441
6981
4517
19682
6743
23669
27387
1371
29148
27360
19364
1255
10009
300084
23358
27199
4113
4443
4180
4244
300146
2016
18874
2619
4157
1290
24494
4694
4924
1614
4310
4258
2264
300275
4185
27336
27175
28224
100405
22199
27160
4078
13164
4288
1821
840000
5008
23815
1269
2306
2499
1418
5399
642
24559
24216
2252
1358
24186
1304
1119
2325
7170
13011
2207
25817
4173
2355
9009
24229
20629
25175
4170
26158
19515
4472
420058
980
490070
13124
4164
1492
1616
1233
1906
2221
9008
2235
4449
27184
24198
4326
13303
15039
2605
1970
13006
1254
24722
25701
7478
22014
2004
2726
2106
18109
9003
100362
24355
5286
12188
9012
13169
9045
703
13198
24726
7021
22035
4371
4514
16015
1561
4319
31860
23256
1529
4152
2648
2615
2520
20397
24192
4908
31302
2601
1967
20299
15110
610039
24358
15391
12372
2416
4445
4434
19998
2343
1000191
29150
1968
12336
4466
2013
19583
24113
24027
2239
2263
2319
2921
9139
24395
2280
31467
5141
1000398
13100
5002
31466
4041
25205
4057
978
2502
534
1485
2616
1360
1236
31671
1526
400759
2308
100360
1714
2911
13120
7480
23277
25705
4154
2610
100377
636
2224
24562
2271
4315
27109
1726
436004
1818
4083
6745
510050
4920
15396
102741
2602
15018
100379
4068
9138
2504
746
420321
100752
4222
4026
9002
2542
10019
1000475
25896
1253
31578
2617
4067
420344
24025
1830
1000148
31188
1556
1369
7277
2420
2296
2624
4471
9123
1000146
24439
1376
10010
100392
6523
1976
5025
480024
27152
420382
9115
300107
9169
24729
20506
31026
410231
4650
410055
4648
480169
500040
560026
420133
550020
600014
420069
18755
24133
9097
630009
300092
31851
27343
510052
480336
460013
9113
19777
27323
490088
490026
5449
16094
550019
9041
100424
19548
24337
400053
31862
31859
102734
6047
15032
27019
1832
24063
31201
400730
4308
24359
24354
31325
1205
31576
4656
2056
31698
1866
6985
19762
436005
4255
24512
23666
31385
400495
1132
1000192
1586
2213
16033
2027
2228
27158
100397
24227
18818
21001
1000208
100996
300090
4475
5107
26212
9059
100399
24224
18184
4235
31163
4477
32107
12675
4187
4362
24601
24560
4465
6982
27315
1720
4221
100406
24514
100376
100145
4087
4436
23778
4600
4333
27198
1484
4190
100394
1224
24397
19328
13107
26159
5066
6637
1519
4573
4531
300212
13315
4090
4201
4350
24199
4630
100404
24522
4234
24609
27168
4568
9104
1244
2483
24607
4533
18103
4515
300001
2515
27347
24049
27028
4639
24187
661
4155
1249
13000
1163
1248
4165
4184
4476
5122
2248
2508
24191
24188
27358
2257
2745
26016
5035
12108
5011
2201
10011
25897
10012
2277
630
743
1402
1052
21003
2658
730
1169
1584
7192
2101
25178
1969
15164
1196
4335
2326
2262
12010
1365
420384
1352
5017
22537
24230
4150
13327
5010
27106
100541
6596
2276
4039
24723
2333
18191
4196
5125
9043
1460
20820
1613
18550
1306
28240
1523
25508
1608
9046
1250
1302
24394
27105
24393
1226
2470
7012
28243
2399
2918
4452
1908
20208
2301
13311
2241
410289
1410
1643
9056
24561
4316
4663
480616
31861
6947
4332
5447
1295
1152
2284
12534
12085
2339
4193
4178
31875
16030
1481
101331
1541
1251
9148
11015
15089
2304
24200
24205
19517
4227
800009
31971
12366
4356
24189
4666
4297
31670
1538
7931
9112
2247
9107
12574
31970
2318
1000401
9042
1000481
9050
1180
640014
1516
13460
420059
20732
31149
2243
100053
19955
5083
27121
1139
4917
9006
5053
4345
410295
2258
19132
1517
1950
24727
12111
1165
1569
4225
1625
594
10005
5307
4273
28226
500027
4080
4299
1562
22910
1305
2290
4108
24026
20046
2589
6146
20628
480054
1125
1451
20333
100074
410217
2649
28426
16001
9013
100275
2311
2614
5114
4274
13015
1819
1740
1000497
1171
4151
29151
4516
23310
4382
28946
31865
420304
810008
13030
1064
6090
13156
4511
12617
1001075
4604
1000147
6595
2253
1007
699
4213
24206
4093
100785
540015
2468
1178
986
11016
5175
2525
300127
2204
5005
12090
4284
530010
5398
27203
2217
31969
100166
2518
31025
2309
1241
5444
4312
976
4175
4307
1271
25225
15019
9020
300099
2528
2344
1000149
4200
6975
27294
5120
12361
10003
25768
4271
7263
2249
928
4247
2603
9171
10007
13161
23676
101483
1629
13190
5019
1962
10017
100465
638
1573
9142
27151
420366
500028
480617
31885
420212
420352
400757
300102
20548
9114
480493
410316
9026
20448
20525
9141
20526
400056
420242
31880
420211
28010
6599
6603
560020
9094
9108
9140
570019
24356
510051
580013
410127
21018
560012
560034
560013
510028
9120
9131
590017
570013
2582
20432
19914
620009
700025
700024
590044
500051
27325
580019
24136
510057
540014
460005
520009
19514
19521
400212
1000400
420060
31879
1000403
5111
19687
480477
1141
410319
2008
9092
31437
400254
27324
5059
2169
5075
450150
9098
480068
25375
2049
13105
640015
31858
2532
620006
13069
24207
9129
2926
20112
480470
5058
31327
1384
24725
1235
13032
32353
1000484
13013
4338
1293
16020
6986
25001
1000496
100390
100388
4286
6948
1108
27166
18114
26160
1469
1000692
19627
6949
100327
1944
5808
4242
13151
27029
13047
11013
2364
1367
2012
4301
4473
18819
20856
23981
2215
15180
1527
4291
4181
27348
4194
100144
100329
1128
4292
1145
24051
1170
27342
2292
4261
300130
1000518
32108
100655
100328
100393
4110
300213
1724
6524
13067
4309
22037
5072
4280
4272
100408
4581
1926
4209
4278
22110
4313
520008
751
27123
6973
7048
1211
5085
1361
1522
4289
2294
24228
2275
9051
1270
300274
1262
15101
18520
5116
987
5302
988
27317
4260
24028
14522
31019
12374
4417
6965
1120
100192
1649
2209
2229
2225
100467
2236
24190
24194
100466
1911
25769
2303
2297
4231
1802
2336
1630
2491
13431
1000438
2506
614
2331
2312
1604
2218
625
7214
23228
2426
12031
25272
25636
25637
6561
1000278
25250
1114
7121
679
7198
941
12126
6942
7152
12125
12051
956
536
