1100005
1100003
1000405
1100004
6211
1000322
25273
1033
23016
1000103
12414
1000281
7565
6671
678
578
25669
6608
12721
25786
7642
1032
507
25787
972
7033
547
6672
6217
985
1000680
25728
1061
937
7137
12437
7097
12114
502
7939
25730
7136
25723
509
717
25271
6635
12580
7139
12116
7135
939
952
984
7938
100232
501
1096
12736
6607
607
7566
510
6755
1774
12424
992
12020
25729
576
23720
18008
1048
23436
7030
608
12115
12722
7932
22687
990
7123
102803
909
6210
511
616
1000374
12117
1000263
504
508
518
1034
25899
999
957
994
14539
1000334
25867
7066
7002
12016
1000257
25814
7138
1000681
11623
1000333
503
25731
1773
991
12427
1022
523
100371
617
12429
25813
1752
25811
1000280
993
25809
656
1753
6820
100233
7140
948
25812
25810
12246
6256
13200
1000258
7326
12120
1000243
23342
7438
505
12928
938
12354
7437
7436
1000256
7439
14540
1000245
1000255
12434
1000260
705
998
1000244
7110
1000259
12118
940
12431
1000261
1000262
18001
25864
6241
7933
1750
929
12119
604
102547
931
602
6905
969
7935
6240
12738
25506
12121
720
1000372
101471
25509
12576
657
12196
12418
25505
7561
6089
25740
100231
14533
719
25767
902
1000332
521
25507
921
12792
914
7003
12720
11624
12430
916
1000874
6260
949
12508
7099
1000276
644
100920
6259
1000331
912
1035
100412
997
12432
7317
6257
7210
601
102545
942
525
950
1000290
25739
12433
7069
645
12507
14600
1016
12883
603
102278
610
102546
25865
7142
996
728
23344
102544
7205
12509
1037
12734
23506
1002
1000321
7934
995
905
6023
7449
12550
100487
7054
1036
932
100198
7319
12723
6021
7005
7096
970
7197
522
7621
1055
12575
1059
1042
23115
911
101177
25041
6225
715
101264
7071
100413
12033
22985
20940
756
100512
12735
12419
11548
7937
7166
7221
6226
22703
6396
935
6252
12436
6249
7511
7799
1003
6423
13440
2022
12659
913
15066
22707
24669
12321
24671
24672
24674
24670
13086
22704
1019
21007
102343
568
12510
22706
7013
12531
22705
22702
100177
1000510
22701
101261
12658
18004
22534
920
1063
23330
23335
24673
14535
1001
101565
22752
101309
531
25668
711
101311
14620
14618
1000
22750
9551
14621
23323
1004
25866
100621
100572
23374
14619
682
101178
904
519
12055
101308
12018
946
712
25131
25766
757
6962
100457
6254
7453
101262
7100
1010
6223
532
19241
400001
7563
1001253
716
517
23334
14616
100690
100452
23345
713
100596
23136
1025
102676
7182
12623
732
101390
4115
12059
12064
25764
9553
25762
25759
100456
1000275
14617
420003
12719
1000505
12197
12815
919
100601
22751
23343
6251
4040
410091
526
7196
12044
6752
748
910
1756
722
7936
7925
410016
962
25377
12054
100453
1695
12679
25761
12049
1000504
12791
9517
11549
7347
12596
1000517
100650
22754
100651
907
25760
490159
12661
12048
25763
12660
12069
12065
1039
100602
1000511
1000363
6253
6941
100488
12068
12404
101077
1000336
12040
958
100455
1000515
1000513
1000289
11520
971
944
100454
1754
460014
6104
11564
967
24792
23376
27125
1000506
514
102277
32208
943
24793
420030
12662
15037
22753
683
27361
28382
2884
7521
12053
101306
6961
947
11563
22004
6471
14589
25675
28439
300241
15038
1056
22755
25676
12071
300150
7315
7063
400150
27082
926
1009
23375
6224
918
2575
25674
6511
22679
20590
12058
922
1000373
2476
32207
27161
101314
25671
610012
6719
7312
4393
530
25304
12411
420031
4524
101362
25677
25670
25672
7001
12086
400141
15376
25680
4056
6128
410017
710
1000335
12663
12292
102224
12533
4392
4658
12615
1000514
1098
25673
19117
300240
7442
101364
12664
28509
22005
25683
400134
19239
1012
14590
27101
23356
1024
400146
1020
25681
25305
14588
6510
24883
955
4593
300263
27114
619
22011
12063
25060
25682
25061
1068
1000225
9125
400002
714
300144
23377
28902
27116
22101
410093
12081
506
450177
23288
300261
1000430
4508
4037
22911
420076
19101
22999
100742
12043
15036
12105
102068
2576
12573
5208
22926
2577
101001
709
2886
587
4140
32228
6046
24078
20717
7120
27103
18848
24080
18982
24884
400023
24081
24083
12717
100414
25765
2976
4366
300270
2477
24082
7031
100425
2980
24079
480136
1000471
9550
27026
12096
12724
300271
4608
28354
21009
14586
420210
20968
24087
300118
300278
1000375
4557
12091
23663
1000323
12012
6959
24084
101099
20963
1000218
13442
14523
420005
6643
24089
7213
1000376
101013
7321
2964
7053
537
20964
101002
100205
28705
410233
724
24085
24088
27286
6944
24086
12612
20933
2922
2949
25921
300254
4279
410079
25454
100479
540042
1043
2890
480198
20966
28942
1762
1000431
582
4091
480306
4594
300220
2963
25711
420213
6509
490163
25017
908
32230
28022
2887
15042
6751
100206
4684
490099
25627
553
16040
28254
20967
100423
15282
7014
18849
23238
25691
102677
100784
14591
32210
550055
25068
20965
25688
22529
28900
25678
2114
1000279
901
25687
27351
100890
19238
18977
12008
24242
1000215
22171
24251
12076
24240
1000220
300101
300250
23032
4426
101665
2978
1000512
28000
22002
20945
23237
1186
101020
550054
15390
1000213
12561
579
490464
25692
1000217
300265
25679
19824
22000
24616
24445
4582
300618
4686
300242
4427
7448
1846
1000298
12293
103316
420220
100485
24241
25710
25306
4609
4169
25000
22206
23320
12070
100585
25453
2977
22085
24301
101259
22238
490100
4077
400011
4005
1066
4413
100469
12279
300119
25684
22006
23992
24565
707
18971
15377
28612
20718
300104
22008
1000296
490406
23236
101180
25689
23227
23153
4596
24564
25690
28762
26151
25456
4595
20838
12030
1000105
400160
15399
1000299
1000106
25142
1000293
28945
1000297
28106
25127
7111
300243
400180
27118
100391
19776
21015
23284
1000107
1000520
24682
19240
4428
1691
18813
24150
25455
1137
100691
27107
2744
100620
24315
25447
1067
1000214
19961
15402
25713
4689
24681
540022
28563
1000611
24306
706
420269
22001
12045
20943
24443
1000216
1000219
21050
27115
1000419
100417
22111
28562
9193
24288
100207
4661
24151
24282
420020
28629
610035
6213
1000613
4696
24250
1000116
4031
24563
4685
1000610
2440
101258
1000612
300223
1000122
1000109
2854
100821
31611
101257
1000618
12087
1000616
13061
24444
1000117
2580
1000112
24294
24580
23135
24679
450127
27385
25226
1000108
24886
24768
490106
24243
24885
4079
1000110
410012
635
550081
24244
2479
25712
19973
540041
24245
27108
490469
9126
5388
22924
28007
24887
1038
1000614
1000615
410080
25448
32233
25015
4133
300260
965
546
24767
410232
24752
22912
100917
4082
15388
24751
480393
19268
31432
101564
300264
1326
32229
24541
24680
24753
25174
24304
16088
410092
1000617
15246
490065
400528
24292
27339
24018
450178
25172
2899
6999
7776
550057
24373
1000526
490064
24539
2873
25445
20788
470087
450182
15186
1136
4094
490511
2387
101004
7043
12532
560009
490056
24166
24540
510053
6611
12050
13049
24754
27307
4160
6963
1631
1000396
102342
18979
24537
24168
1000111
100481
1000294
600009
5592
24527
24269
25685
22927
31480
24252
540004
4657
1001252
24583
9121
24346
24273
100547
12425
22009
100322
27335
615
15156
12072
513
6612
12582
25233
23926
24374
24246
1000501
1000502
820004
24019
20391
25446
2935
25775
20934
25173
1223
27338
20947
24167
610008
830002
1181
24578
31410
24291
19267
22209
300279
24339
25847
25141
20071
20443
18559
15030
22847
28922
27257
24318
300006
19439
1000875
101009
7446
744
22083
24340
100938
24348
300108
24379
15397
24314
27176
490057
24646
24260
1443
23239
4203
2883
6613
540010
20069
24375
24582
4117
24581
24249
15174
2995
24888
960
28635
470066
28258
15074
24169
27117
19162
5497
28522
12680
470088
26162
24308
24579
13127
727
400739
20987
24613
490498
23806
4044
23168
1011
490053
22928
19095
300076
24377
24285
19134
28755
27163
10045
1000516
2039
22007
19242
4337
24349
24248
550059
1498
22168
15400
23170
1202
4141
24256
1746
4066
634
23331
1000224
490107
5584
28626
24351
24427
24378
1001069
32231
2570
4394
1013
24376
27384
24765
19290
24433
490044
2367
24255
27356
18560
420022
27306
24614
31844
24429
420017
490438
300256
15401
12077
32237
490024
460004
510071
400022
21063
25171
24371
24423
24615
2472
24647
12032
4588
24434
24746
4577
1000222
24170
18174
27012
25848
4699
2910
4088
31021
24462
19683
1636
24020
300116
24764
25845
410278
15128
100269
100822
19972
32209
19344
24345
24311
490155
27296
24428
101017
4631
1659
7447
24431
4633
27256
27289
24347
1000127
24277
24617
20077
420383
500030
19308
22913
20502
610009
490052
16028
4695
24171
24274
24321
6803
7445
925
24164
490120
25846
1208
24254
24350
540023
4453
19265
13158
9001
12846
300249
2984
1680
24661
590012
100753
4336
31195
24370
25843
24309
16013
18178
101008
24173
533
24437
31974
550008
16039
24424
24165
420018
490515
22112
300106
420019
24619
24648
24618
300252
7228
24159
480107
25707
24175
24430
400200
4107
24372
24621
9897
24156
24161
7201
24436
700019
1000525
400178
400199
24432
490045
24329
27355
2992
24625
15389
19967
100023
1622
490093
640031
24328
6694
726
24763
24386
24735
19150
4105
4047
4054
4174
15126
12092
4599
28604
24766
6964
400226
24438
4513
22003
1000118
5761
2864
24160
24177
15346
400120
26109
25495
27260
24275
24479
13414
24461
19210
420021
300269
24620
24163
24435
24662
2936
15278
640012
24310
20404
24172
18130
24463
100708
101047
24157
24162
24178
24158
20944
470071
15347
100918
18536
490156
4467
1433
24298
4191
24176
490397
24253
4120
24232
24247
4429
27258
18149
24021
24649
1027
4416
450179
24664
25708
410099
20101
25798
12103
28763
19157
20460
300222
4119
24179
19249
25844
2866
490521
5464
300141
20902
4051
24174
7101
700018
19245
2983
1000305
530015
650003
400233
300231
27328
13345
490420
1000123
4431
300273
24650
1000325
22915
24264
28771
300125
550015
500026
19657
31887
20239
4229
1000126
4506
24296
300123
1718
24262
550080
2891
1000345
24218
20819
540043
2990
18984
490152
100819
510020
24604
4381
490479
1000115
24293
2156
27086
300294
4035
100009
2365
24651
12373
747
12718
12004
1092
6360
1000337
545
12082
18009
2058
1000010
400242
600017
25855
1000009
25799
27015
19146
300124
300105
4097
24270
24266
510055
580008
550056
28631
24667
15279
400241
25414
24486
19266
19143
24529
19147
400189
24261
18119
560018
24528
18122
400044
24023
19968
12614
22196
512
24666
490153
300089
19296
1188
4253
300117
2130
28392
4198
300111
27171
24626
24183
510054
1939
490048
480091
24734
32352
20843
25496
640011
4688
25452
19153
300109
400021
24217
27170
24272
4238
4060
24307
25706
400099
400078
2703
27309
400079
4241
400219
400216
4505
28391
24257
5873
1050
300114
22107
7325
24663
24668
550013
490171
19118
23538
20737
24197
25857
1000223
24213
24208
570009
25850
24324
16089
4643
4922
24653
300251
24627
100661
1000424
4369
605
25783
19966
300010
13093
24297
590043
20773
15353
20842
24290
28725
25856
510022
26155
19263
1242
4058
490488
1000365
15398
1000420
23354
24231
24305
28901
480093
400054
21054
4171
1000125
5985
400179
27013
24492
15195
24276
1450
23776
1000423
25062
24344
550030
31415
25419
24209
400116
25800
480088
19168
27311
23355
1000016
24493
490091
25686
1256
1160
9062
983
6032
966
1400
15354
500013
19952
25849
480221
410220
100835
1000012
24312
27177
5936
24211
27320
4464
550012
400218
4092
4579
24325
6642
2254
4158
1814
6041
7134
24327
1097
12011
31089
490049
480360
25494
24678
490061
580009
19149
22133
400238
640020
25716
19148
24487
24263
22118
1001175
24450
4013
24628
28508
7032
20392
24258
606
6244
25128
6020
490181
490180
480090
480223
420016
19549
480419
19713
400217
24319
27308
300122
27249
4409
24655
24259
1822
4064
19974
6443
12013
4913
2162
24665
16099
24403
20290
24485
28100
400343
410276
20145
400431
19243
510070
1836
25852
24212
25808
27310
4598
400192
1000319
27340
24022
12290
24303
4084
22930
101389
24295
570002
24447
19135
24215
480123
21058
25807
2423
19151
20955
1000008
25859
27354
19247
31389
4074
101182
840004
101181
13455
1370
28008
1021
300082
637
23189
1261
100834
4468
590002
20844
19154
4172
400191
830003
24313
4205
4112
1000301
4583
4218
24278
24657
23247
2202
12060
7300
24343
32025
490167
24676
24302
490165
20405
420385
1000124
1697
26154
600008
24180
24034
24491
100553
300255
100208
650019
24451
400190
19969
31459
2486
16041
2341
300238
22916
450128
18975
490172
400729
1000306
1228
27172
6943
300015
25851
4269
4411
1618
2859
300295
300272
19970
20393
2991
28706
2861
24118
1057
490025
1000153
6908
19873
590011
510034
24446
