24350
12068
15126
19209
28101
1720
540043
24755
24102
4288
24570
2419
24019
500038
25041
600008
19243
2160
300015
27333
20290
20966
25496
4188
24450
25797
1000303
6096
5014
31452
4517
4234
1659
4360
27163
15282
24494
19146
600009
7228
19464
23538
25690
300292
24034
6755
28010
400343
24761
4340
9113
20374
530015
5467
24038
2678
644
4645
9091
6611
22108
12049
1001252
24532
410144
24403
9018
914
4644
520009
300215
1022
4694
410199
550055
102735
24461
24748
25173
23342
28764
300235
1000169
24357
24224
1000435
24552
13061
1170
15043
15038
530006
20132
24425
420423
25507
1622
714
12928
15138
4322
100192
300119
24336
25450
24359
6396
4593
15186
24682
24485
810000
300141
400000
27304
24252
400118
510028
4283
1450
24324
1132
27342
400218
4014
4692
100400
28755
24746
1000614
25669
1565
27160
25171
420060
25177
800002
19551
24614
25681
13128
24654
13412
24367
24571
480617
28608
4594
15066
2299
24648
1157
31410
19703
22001
9120
1000158
4414
400192
2055
709
6225
4423
490045
13106
4570
24029
101001
100011
24530
580012
19101
2586
27336
22110
24271
4375
24180
6924
480360
100939
630003
100998
610009
4033
19713
14522
100145
18569
300264
410319
27360
4919
24226
420133
24339
18976
1000281
31041
19153
22911
2115
24153
23335
15037
4686
490153
1055
24476
26007
952
32026
31862
4038
400095
2008
22206
15389
18164
27158
480316
27350
32210
1000123
24750
1147
7776
7317
27176
19157
12065
27305
500045
2582
13485
490167
1415
19805
32231
25865
32025
420015
24057
20902
21001
12105
24258
4185
400002
300108
7030
20487
24535
2278
23344
935
400099
2964
560026
4061
490051
4255
1000164
490420
24646
4409
14621
2491
25410
4204
820001
24427
24248
24294
1000289
20404
15398
25709
480127
600028
24267
1000496
32005
1468
525
100996
24633
16000
4341
24630
550019
19117
1821
560011
2508
100469
6636
420511
24166
9193
24082
31059
550081
21016
2744
480223
28138
19547
4346
4054
4166
13345
4138
24114
450178
4650
100023
31784
6635
9059
2292
610019
957
100396
7066
1000103
1262
27320
4918
25857
24087
2626
2484
1657
22133
25812
1000438
24538
1010
500007
24547
19514
15279
12424
560004
2016
31017
1182
999
28007
400516
715
830003
550054
100467
1000245
1000105
470122
1000019
10015
13017
19686
31387
717
300271
22753
2651
27181
15176
18977
2289
300020
4294
22752
944
19147
614
28258
5171
28772
24310
20807
19726
15012
580002
20806
400161
4438
1000196
24035
32228
9142
1000333
12429
101017
1016
6599
6469
4468
683
28042
100009
23237
27012
20022
7019
27306
500051
2236
603
420010
24171
4065
1000611
4303
6986
400703
4377
24487
810002
18874
470077
20968
560030
570018
24475
2650
560020
4104
24474
5104
510020
20506
27118
12063
25740
24625
4113
25686
4261
4258
101013
4055
24423
4387
12430
24444
23926
913
24086
1000143
27254
480393
4078
25447
24541
580018
24542
24528
24307
16089
1000471
15032
15178
19824
410245
400128
18755
22924
100404
4311
25766
2486
700008
23992
4635
1696
28902
27348
4177
510055
1000177
400109
31736
9137
1669
400179
300104
12126
500044
958
13151
31016
400116
4595
300016
300130
24061
1102
1000336
22913
24383
25739
11623
420017
400495
4098
31403
4267
4601
5761
6607
1223
26109
4362
24085
480419
517
4272
300250
27258
2421
4208
5592
508
19654
4598
470074
949
1228
6524
2404
956
23663
25692
2625
700054
622
19150
7170
12675
12123
1000160
2886
12279
420018
100058
5058
18520
1402
100651
24737
490100
4156
490048
720
28629
4522
600017
20405
25717
1691
24546
31195
24107
19095
1211
25174
608
24607
27252
480246
18560
27361
480361
300253
21050
18932
971
400243
19308
550020
5985
24044
24516
24663
1690
4296
400079
27328
6224
20312
300092
450164
2988
13421
31304
23136
24214
4628
590030
31846
300115
1000159
28721
9105
2001
22893
25672
27354
20940
490088
28130
1000015
2156
626
1000190
400021
24767
24116
18819
31832
20443
19242
400739
12419
1000127
7214
20843
24223
31693
981
25849
1358
7100
20283
12118
1614
19134
13090
19265
20944
16039
300001
25846
4436
24734
27110
13067
410156
31510
2991
28945
100330
1117
25226
24460
300123
19553
4309
31178
1270
610003
24400
650003
24452
4369
28508
9017
6032
300222
20805
1000134
28354
4195
100750
5059
4627
4230
24631
2051
2009
31483
420242
19604
1013
102733
24341
1496
2169
20069
100480
540010
9517
19878
7563
510053
480107
400241
300272
24676
420076
1043
27325
7938
28253
20047
480136
570028
13461
2935
518
25730
4443
24458
31120
27178
2577
24191
4385
12418
910
490065
27384
28257
24509
19239
4685
22754
101309
9553
27311
1000501
300006
25250
5808
4534
1000518
9131
4344
25676
23228
4293
9041
24062
503
10001
700050
22930
4433
1247
480541
300101
25411
4337
22171
2980
1000396
32239
25867
4447
1191
719
100331
4251
400217
24447
1741
1000280
20457
300218
24273
400044
31416
4008
1257
4232
590044
300086
25416
24105
23320
480472
1000207
26213
1032
1207
22999
24073
27083
5035
300118
101262
20844
300098
400198
19151
1000018
6719
27147
100277
2161
24601
400347
22750
18187
4532
19424
640028
470071
420022
24472
1000220
490064
19826
490464
539
490056
12720
1000256
101471
995
9094
470087
16063
24749
24604
15030
15025
909
13338
300233
4262
28725
18978
21047
1615
1000142
1000133
4301
520002
1000502
2214
27171
500039
7565
18186
7939
25767
31019
2887
19590
24031
1050
31863
15029
24464
24623
24154
4467
470066
4089
102278
12433
6251
24243
2575
1100003
5367
5113
1186
640004
300113
24617
19143
400141
100424
19948
100512
1527
4291
15246
31439
1618
4119
25066
18848
31848
610015
4587
2891
103316
610021
700019
840000
24298
490062
410012
4179
24170
6943
19947
400254
24279
4321
2890
28391
1934
24301
20717
24240
24446
4239
24424
1000125
19965
612
16033
22059
504
1000194
4157
25000
6643
300295
25500
4512
946
9097
25683
101181
15353
7096
1000302
2475
560034
20737
5085
15174
436001
2983
24260
7933
1972
2537
24342
590012
19466
100010
4589
1980
24579
12427
24098
18122
490046
19883
22000
27017
27289
20548
31022
410029
27296
23247
4333
27198
1000208
27029
1000420
7151
25494
25005
31815
2201
994
28000
1484
511
400511
590034
1000112
22003
24293
25801
24752
5119
5008
24040
15101
1140
4140
580019
24432
24639
661
100890
420067
24520
1000304
9108
2027
13164
18930
24277
4082
15402
7621
24365
490120
24440
700030
100888
20381
700018
4533
20447
7566
713
470073
24451
24883
1604
32248
20579
4035
27168
4086
31880
540020
4921
31327
2507
4693
12050
9169
480083
24210
25814
6217
101004
4066
25688
18190
631
25859
100542
101177
24658
480176
24491
24549
300294
5075
300268
4025
602
4194
410049
400190
13127
22931
540023
550046
1000514
31179
635
1003
300094
623
6803
300236
400022
28941
400061
25844
25061
300143
24656
1935
6561
480336
19149
1478
19543
20773
25060
1000618
20279
24759
24757
24354
24049
25694
24414
400219
1000126
32250
24353
540019
12550
1002239
4304
1384
2282
4242
490181
24095
12738
22679
1265
24091
1000140
810006
23250
2859
1421
4107
410099
480470
24363
9102
4181
7139
24553
510040
25499
4609
1036
4040
25765
1000188
991
480122
18980
28224
31325
9128
12432
31459
24766
24371
22008
420005
100412
436003
550058
25141
24605
23347
4924
1988
14589
15047
27356
24351
4275
13047
24244
410094
19118
28140
12700
4111
570002
724
12719
25762
400201
100355
840001
520
28254
490052
24675
24558
13076
480501
24521
1000255
2049
1000009
4581
27172
4349
15278
31260
1000213
1361
5788
9125
24560
1145
908
300269
1019
7065
19546
24265
4629
21051
2479
27251
24305
300122
2576
1671
13200
31105
100397
20267
28255
300211
7135
20943
24602
27313
1000259
300240
23241
9092
25852
24613
2005
24385
4569
410092
420029
300276
23669
27357
400160
23355
28901
747
4557
12721
1000116
4603
25001
4696
22085
27014
31538
19521
31021
24612
24284
400049
756
6922
1965
31382
25810
101665
31858
5107
1602
9192
4638
25492
743
1408
24489
1000335
12030
4323
2746
550031
100391
24325
1001907
19687
19548
2202
12374
9109
1000144
24055
400180
24218
300147
24433
1000305
26138
27019
13138
2012
24378
9027
916
27387
4250
25674
100144
400146
617
4437
436000
1000013
576
20525
300231
490488
4446
22010
1636
22238
27310
1009
12736
1000505
480197
2026
19701
7054
31332
26164
19964
550006
31613
4328
4047
1136
2325
24539
480131
1000375
1000276
18982
4013
25760
640012
22909
28136
1237
300258
1867
620009
31389
470076
7446
6226
24188
25668
20967
25689
490101
24659
24405
420019
12121
1414
420220
2248
15129
24616
2291
757
300018
24227
6921
18536
12246
25764
1926
490107
4626
507
24730
19283
31729
4300
25713
9049
27249
490171
101390
300296
410079
24500
24615
2346
580009
27015
4325
25456
102545
5111
28244
24490
570005
1649
480198
4426
22037
700032
601
1000224
12437
24667
25506
100322
27358
4669
4198
22706
24074
9115
4007
540005
24459
540013
24550
6942
19364
12108
101308
420512
25729
27169
25851
23238
5172
20326
300144
24296
300255
490027
15397
24208
27116
1000176
24088
14540
4238
24190
13167
1000512
410277
24033
300223
14539
20947
12662
6608
300214
4394
25759
19873
1000263
2303
101257
25850
28762
2977
24356
300102
32018
4171
15128
20840
550030
26160
14616
25377
22199
18120
25058
490163
1000260
2228
19972
19098
2569
31201
27161
1000299
20933
2627
1000192
1620
13440
1096
400216
4260
9122
12053
4221
1000214
23078
5497
1002
24308
1502
9119
19682
4440
100822
968
23324
25127
400191
31735
400199
102343
27309
490108
1939
15346
19584
480493
645
24679
4011
1244
6973
100329
25697
24502
100819
19549
21038
24337
4923
2331
24443
2057
27114
7453
7033
13454
31564
1000141
25699
4190
27250
27256
4632
1846
400150
18880
9007
19507
18813
1031
4124
550045
2297
18103
24793
2312
24496
12614
4505
15117
1559
4370
13086
4045
24455
7005
31060
420016
18878
25172
450146
7925
100821
31020
23778
2680
20923
24072
23249
4100
24672
619
2366
27335
5873
4642
4264
24386
420352
1000258
23666
24289
24619
1001069
28044
4076
13328
25452
450127
24483
27312
100231
1255
31816
20856
22005
640
25451
11013
2702
22043
7071
24428
24094
490024
480097
1000424
5374
940
24133
4453
27297
24660
32013
1100005
12676
100479
1498
4278
2108
24213
14590
500026
4320
4158
25136
24058
19526
10011
1000186
20288
1866
1989
24281
24297
7026
19263
4229
2922
630007
2978
753
10020
25848
24246
14523
6974
400238
1000165
31023
1110
31313
24172
4380
4249
480123
19249
9111
27087
23436
20463
100596
6211
4029
100390
4034
24199
24662
420054
7319
1619
1035
2256
24618
32302
20033
4243
5738
750
22044
550009
24270
400001
24738
4465
24655
27179
31176
31089
1067
2854
300219
25490
20432
19135
22928
100394
1472
31879
24075
400225
15858
7138
28038
16040
4118
2266
300111
28705
13032
2367
4139
570027
22113
18979
100405
31061
24068
2524
24249
4395
31396
12660
4191
4915
24566
480118
1224
15354
300221
1814
967
31574
24680
24028
4306
560019
1000525
4245
4524
410093
31476
31859
24768
4381
31241
24762
23776
24347
12373
23356
938
4159
6752
1587
19131
300261
24582
4583
24370
24438
31026
1000874
24093
100271
24632
101261
450150
2426
18185
400056
1773
24329
24048
550026
490044
490106
4639
24568
1000168
550057
24215
1001908
24531
27174
25798
13315
678
610034
4044
12431
4353
4141
400117
100423
410127
31368
100425
4579
2218
4586
15046
20239
18984
23240
550013
28942
7152
25170
6642
24408
550025
1820
20391
100455
560018
509
9052
15096
24184
24465
19300
20315
4655
4012
4567
24671
4699
2728
24555
24302
25714
1847
5208
550015
1832
27264
18184
19924
12576
24565
9551
32238
24306
24430
24499
24299
1000128
1544
7136
25176
20392
4237
25455
24397
25419
27125
1000154
2573
24401
300090
24078
700046
24112
4474
1000506
24503
24477
2532
1034
13304
4545
420211
5420
1000138
102546
19762
31951
4660
519
560017
24626
990
32353
480169
22705
2424
25715
640005
1000131
490057
1000122
25627
12354
490166
100620
12125
24186
5066
1000179
24606
4073
19296
2866
4508
19210
6791
510051
31144
721
1000157
410226
25003
25704
24251
24886
25415
32233
2277
9037
27338
490054
2264
24504
970
24069
21007
15400
13313
25786
25899
23815
24540
12103
410232
490521
24269
480460
24194
400120
24217
7210
4476
420003
300293
27148
7799
400230
27082
25068
25272
31905
31424
27339
480024
560008
23153
24519
500004
300273
1000135
25008
31018
620005
21052
2257
28765
100453
480422
31716
4187
1000277
24030
4643
24262
22209
19211
6089
4417
24576
400757
1000334
7935
4277
1000298
24283
6254
24482
706
27257
530009
4575
24374
490155
27151
24481
1000261
25711
7437
716
7321
19657
20071
6241
19854
13431
4698
987
490152
100485
27260
800003
4435
19293
630009
7097
20948
25137
24036
4910
748
22704
1000012
20627
15212
1220
929
20955
25414
300091
24885
100207
19605
19906
15195
700029
27149
12792
300105
24673
23376
4458
1522
5127
300266
1000014
24765
24242
12122
420030
16041
4155
31432
31588
420255
2620
24316
24059
100691
22751
19777
24165
22932
12404
400059
490165
11563
2322
590036
25807
5944
24445
4254
820000
19268
590015
1290
610020
975
4432
1000175
400237
4028
1000378
530
13414
24647
4428
4092
300120
6820
20847
15026
28953
420307
100232
24275
12119
18149
4513
4289
1000187
510032
4090
400692
25845
4462
15028
24629
1000374
1264
100466
300003
24488
24280
25710
1370
1000124
12044
24510
4313
25787
24051
830002
19097
28563
25069
23284
24454
4074
7439
1000290
10008
7063
24484
1839
32108
24564
1000613
27347
102224
490434
24557
27324
1702
5449
590021
600004
6982
100413
490539
24429
25897
25009
24348
560027
580017
20838
100655
2294
24023
24232
6603
23981
1024
300212
540004
2288
540021
24642
12055
24089
22917
20744
31315
560009
4518
24079
24136
16018
24649
12117
28745
620015
620004
2527
2873
18559
23016
19328
25685
4246
19603
510041
26139
24071
820004
9114
580013
24636
5038
24282
4695
4384
4231
2116
18123
25712
100371
15377
12623
27317
1181
24290
25007
100407
27341
820002
4393
300256
16013
4169
480088
27120
4079
1000300
1505
4106
4241
490402
1000516
24670
400134
1405
19154
23115
1000400
22534
4174
24751
24480
4085
582
31463
6423
950
16099
26118
1654
9117
24685
32352
24179
1000513
11520
4568
530023
5170
101009
25017
27115
500017
2703
5122
24169
25843
101564
4077
6240
24478
27170
100784
19874
9140
28771
25761
570017
300107
31851
5364
31138
10009
27288
570013
1000257
19973
101258
420207
1128
100206
20804
25495
25813
610033
27352
101182
510057
19393
100328
2472
6985
2185
1680
7479
12120
31856
2587
2423
15048
24644
31572
24621
19264
300004
420021
1000216
300263
9001
25677
420382
985
450182
100025
13455
4459
24533
4521
24770
450217
570012
15401
1000111
1042
942
12016
24220
490164
100653
420210
24221
300216
2124
590022
2287
420047
1168
523
15111
1000174
12414
24209
24309
100486
480020
4043
18975
24524
1205
906
27262
6639
20934
24228
1660
12290
24083
12791
13001
24288
24506
1000117
410200
12575
20249
300148
27292
410091
656
32107
4248
24537
6637
24467
1774
4427
12533
4117
400178
480091
31255
19721
24620
1600
10012
420366
2255
15000
1056
24295
830001
4600
2745
24379
24522
400046
13062
490049
24645
101362
2619
1000153
1973
20433
510008
32023
102803
24176
25070
24313
24193
25698
27013
28630
400054
1000121
410055
988
2209
4056
6951
4608
27088
400567
23375
410320
15376
300230
480021
19823
31330
9141
1027
2654
300279
18528
4105
28439
31576
24635
28633
24373
918
640020
4022
450177
28509
24314
1000107
500018
24527
24183
25273
550028
600024
4689
100690
620006
4244
18973
25716
4205
4062
1000010
31698
14619
21063
23377
4163
1269
24039
25678
941
2111
31303
1718
100753
22190
1304
607
1000114
4413
490067
24515
1260
24081
24077
31437
420014
410016
480503
749
31121
1000016
650009
24470
630006
25509
14600
22114
24182
31887
1000345
32351
1052
26151
26200
7048
12031
400231
13107
24463
25731
25800
28900
12659
12114
931
962
24651
540041
27259
100970
460013
420213
2229
1285
31200
27123
2899
1311
100414
27086
1000419
28100
12033
24175
24637
19908
24319
4366
2471
400210
24090
490060
100499
1000200
102676
705
4336
24453
660
300125
300012
1697
20327
24332
560002
18981
1137
6944
24304
410231
2989
400427
450179
28356
15378
4398
20009
590011
24054
1746
1208
24053
1000319
24725
420057
31844
25803
19247
25702
18849
7111
1000223
24315
510070
420333
24168
28107
1202
25271
1000612
24037
1138
4343
1000108
18145
100388
20077
820005
4279
100363
23343
20481
100652
14620
300142
12510
300260
400431
31177
25059
7197
24155
24377
540014
12718
13013
4396
420212
4094
102547
22002
510052
1519
400011
24731
11549
4347
400226
1000279
19245
2130
4397
22004
31415
24678
22197
4572
24526
420554
100920
13089
410316
420383
1000218
24641
540042
1256
24466
24272
25012
634
490415
22927
20401
18178
5498
24497
4473
604
4922
6905
400730
25811
400023
616
4463
500025
1249
24575
12723
9100
7642
100399
24669
480436
25493
1001175
300083
32209
19992
1000109
1586
7436
24548
300140
1001
29148
578
700021
19168
4235
9090
300252
25418
31885
4475
2389
2113
810001
547
1000376
22192
24747
23474
700049
22702
24580
100601
100205
2607
300011
510022
450128
32249
100456
19970
6965
568
4002
102734
20811
31046
19683
6941
15042
1000262
9101
6471
20250
7142
24643
25866
13493
1000322
300241
101077
6741
27386
1326
18740
1000423
100572
12092
620016
2349
25015
5003
14618
20518
700009
1000484
24674
4203
31519
25847
9026
20430
2000
4378
7123
24683
4648
1234
410017
25679
470072
101389
490091
506
1004
420069
490498
27026
1366
24627
24263
100406
4129
12097
300117
2267
21039
13046
1268
948
490479
12679
700024
4582
4003
15379
4087
1473
4641
101565
20526
1000244
22084
24080
6743
1120
6742
24686
101314
101264
480125
101364
4597
4656
5936
1232
7121
25695
300128
28225
24111
31518
2138
31163
490066
1000243
28744
27103
300076
101180
25693
18170
27028
27293
5767
24572
24021
25305
24764
15393
600023
2353
4265
1000156
20502
28768
9129
480457
662
27173
300002
19969
300112
1000301
28381
1235
28441
300078
25067
20965
24657
2608
24545
7166
1000115
4072
20112
1377
101482
2884
4364
12116
19545
4165
4448
7182
18174
460004
1387
24758
4031
2022
27355
24212
100918
24185
400803
630
100585
1000145
24384
24583
1000403
490055
16027
700025
4310
24681
972
24573
25769
4338
22112
24043
25448
500008
16028
25723
436002
101259
15074
24022
1911
1438
9024
4160
4646
25006
7442
15073
18119
31847
24321
100783
9121
4091
4120
1000680
400450
22755
2354
410095
4286
24634
610012
450407
460005
19971
25445
2225
570019
23330
24888
12064
24666
6963
490093
24448
20618
25763
12060
9126
550008
5593
2485
420031
502
24108
32301
4004
410063
926
1000615
4130
490159
20590
984
300278
1000017
4402
6964
19238
20248
7213
20963
6981
27295
420424
2440
100684
1000183
19266
4607
24581
2122
700031
1995
25449
25700
1000197
18179
7326
24399
16093
907
15097
24340
4460
1000379
12196
32208
12051
550007
13069
9187
300110
1000517
490531
24092
4115
12434
625
650008
100403
4605
490099
2655
23720
2936
24151
13027
24471
4268
12664
1000155
24345
4219
1000199
480093
4573
300017
4023
2790
410220
24677
2656
420088
100393
965
9104
2286
19241
5399
31674
100547
23227
19776
1000681
300008
5030
19162
25417
550024
6948
1646
13469
24536
9014
510054
1263
480090
27253
4916
4110
1000610
610008
4401
24887
300274
4253
100835
1000510
20311
20788
24372
300084
5072
23345
24366
24456
13337
1119
31947
4010
510006
2652
4464
4354
101008
20522
640011
420224
1825
24512
490397
26162
24728
24402
7002
24529
627
400789
420027
642
1258
710
24462
1000617
24076
560013
2039
28256
722
4461
4355
25864
13000
26212
24241
24511
24100
840004
580008
840002
490026
1800
1000373
20395
22168
24326
25799
300150
4670
4102
25684
400242
550080
31715
25708
6949
420427
31953
24276
16065
4422
25707
20748
24278
1000321
4112
590043
100487
410276
605
24067
20101
24318
24609
700007
28763
4021
24578
2992
400181
2306
2995
7043
1108
510019
20935
19177
100454
28008
460014
28039
100165
939
1160
25010
450405
13105
28106
27177
4421
31602
18818
100419
4530
18110
12722
25680
1000397
1163
2302
24096
912
657
25802
400053
12070
24331
23323
480306
27255
28922
300095
28242
25856
1000118
24426
947
300232
31385
24650
4063
2213
24042
26140
24084
480477
505
20460
24652
31093
13332
100742
4631
679
400097
31301
20317
2928
19366
4030
32207
4009
4214
300270
27385
2365
21018
5302
26161
400094
19566
31833
24099
16095
1000217
22703
1000377
24577
992
24457
500028
4406
1242
24884
15036
24544
490180
27183
27108
25453
24517
24760
550059
27323
12020
24508
25860
5464
4269
25412
24150
600014
983
24285
2976
5584
4292
400078
24624
12663
24152
4442
20756
7198
24469
31928
4006
19967
23806
7449
28241
9016
28706
4334
520008
16088
7013
31934
905
27152
300097
22111
2275
1944
24261
490469
24611
470070
728
19803
27165
16096
400240
4097
24574
27197
7137
2580
31728
24196
24287
4071
7230
9005
22117
24556
2023
2254
510071
7053
2515
2347
460018
25687
18121
28392
100408
12883
4657
4298
24335
15399
4577
6047
10018
4005
24060
24415
480288
1000523
18971
32237
24653
1293
1477
24441
410013
560012
24207
31516
1000184
5658
4127
20718
22011
6245
24317
490172
450145
24608
25808
18752
300265
2186
18673
24603
1802
1124
24286
24257
911
15347
13346
28045
400212
4197
2477
24259
20219
4690
19085
400227
24064
12115
25446
12573
300246
100327
4506
31765
996
960
500030
727
2187
100376
420385
1000161
12680
24268
24274
830009
20448
510026
20535
27159
22036
24729
31440
28382
1248
4122
19602
13442
4182
2387
24551
19344
500003
2499
2554
27085
9088
31384
18188
830008
2926
24486
420269
1000526
15280
24792
20749
27166
4634
1333
1433
19026
4556
1000306
943
27331
27261
300213
24292
1693
1000875
969
300254
23346
20819
490025
24479
100233
7937
1000106
840005
400239
24312
4350
1000119
24322
6999
32232
610
22009
1000152
470088
640031
300124
7031
19240
4199
1044
1822
20803
4088
18816
24056
24052
100401
22101
6253
1469
480221
20257
937
22118
25817
410131
14617
2336
1630
1000616
28766
570009
1141
4424
23248
400235
490406
25805
6671
4001
400119
2215
7110
400236
4388
1000113
24410
500040
300077
490061
19522
4133
27167
12096
19290
26155
4688
24664
7438
436005
18983
22707
25002
1371
25809
24253
102544
1000365
24063
19952
540022
100650
23281
2506
26154
550027
24020
27329
9098
300019
731
20802
24404
13157
632
24254
490092
10002
450406
20470
19223
1000296
4201
2056
9010
19871
1059
24197
24291
300005
9096
4661
100208
24513
7561
16003
641
101020
480068
100938
1000692
22912
4218
23135
4049
19550
4691
4412
6744
4431
18114
6128
100553
590002
24247
2129
1919
28483
470022
410233
7032
4037
25454
751
100834
550012
12411
1695
24733
18564
2483
9897
24559
460006
400528
1367
24523
1000008
27308
25072
20733
490090
24266
650004
20242
510034
28626
19678
24300
25691
22006
27175
510009
1436
100198
510030
24563
12724
31394
20945
4654
12040
27351
25013
1836
23239
5128
2269
24495
31480
1033
410080
27084
4032
18597
22516
1000332
2949
24735
19856
24661
24514
13011
2963
101306
4415
300106
1000307
1000430
12615
2609
23374
1000
10016
2789
32303
24665
490058
26215
2048
400233
1000515
23236
18974
932
27315
510027
490438
1000215
9025
993
27117
24567
22687
630012
16020
2910
4016
19968
13158
19181
531
24101
25409
410194
25861
500013
1000130
24255
1558
1006
24211
7221
590017
2574
6046
31331
4640
24442
919
13049
570008
19961
5116
1443
25498
4531
400200
26159
24668
1037
25491
20380
1284
24610
24628
100708
20393
1000219
100917
19176
400234
15180
15093
300089
4064
300251
28022
18180
13413
22926
400729
640013
22007
4176
490515
25004
15147
24554
4925
2058
24070
14588
19914
12580
4101
24525
420222
5011
28913
101002
18130
11624
2570
1000120
24763
25413
16092
4411
19439
24468
410430
1020
24501
12395
420020
21009
400244
25071
25016
27291
6260
4114
1631
1000110
1164
1000434
450144
25682
300242
21054
27102
24492
490511
9051
490059
955
7099
615
7069
28522
101178
12561
24041
1000372
27337
410399
1188
400228
20145
420570
4180
21015
24638
400121
600011
2207
31974
31036
18931
24349
1418
998
4684
300275
10045
25728
24406
24065
640019
1000278
7448
410278
28612
24753
590006
4290
1048
4373
24449
9030
19148
650019
20987
4019
550056
25505
20108
1100004
9062
4081
4280
510049
400189
700013
4136
31819
28767
1068
4058
12717
15017
510
300259
24346
25636
490156
1363
4308
480096
27286
1114
19267
4252
300220
4687
1000297
24375
24018
4515
15156
24493
100621
18572
32230
25375
27112
1000331
4477
27016
25304
9087
610035
27340
22109
24754
1021
300237
300146
24066
31252
27111
1000180
20546
490050
1001253
15348
100457
31611
4017
6223
2114
7936
25855
10004
20464
400229
4207
18972
23358
25706
24756
19627
1000405
13404
530019
1000167
21058
24216
24311
25637
31533
2285
300109
530002
15390
7205
300277
14533
12661
20255
20964
4327
7140
1724
24569
32350
26016
6959
4630
500014
32251
31567
101311
4420
501
100269
1185
1647
2364
31203
6210
31058
4209
997
6961
24250
12734
22701
4099
300257
24245
19974
4658
4184
100661
100602
18522
400098
24498
400758
22943
25804
24736
536
4429
27199
24334
6908
2252
27027
101099
1259
13170
1000222
7511
4392
27343
19152
1862
23334
620010
32229
31573
27101
22529
4212
15380
15388
24352
810005
921
24256
25670
24110
490047
20842
4172
16094
1201
640015
5388
27307
24187
2476
1061
32019
4206
11564
4519
25306
6672
1375
7447
